899.0000	60.0656
898.0000	59.9096
897.0000	59.4447
896.0000	59.5429
895.0000	59.823
894.0000	60.2718
893.0000	60.7612
892.0000	61.5087
891.0000	62.3551
890.0000	63.3774
889.0000	64.5416
888.0000	65.4803
887.0000	66.4216
886.0000	67.2307
885.0000	67.8296
884.0000	68.2902
883.0000	68.5216
882.0000	68.5265
881.0000	68.2525
880.0000	67.6154
879.0000	66.8775
878.0000	65.8241
877.0000	64.7642
876.0000	63.6494
875.0000	62.3715
874.0000	61.2856
873.0000	60.3763
872.0000	59.525
871.0000	58.7812
870.0000	58.259
869.0000	58.0076
868.0000	58.0071
867.0000	58.2111
866.0000	58.5817
865.0000	59.1825
864.0000	59.9635
863.0000	60.9366
862.0000	61.9924
861.0000	63.1141
860.0000	64.249
859.0000	65.3085
858.0000	66.2421
857.0000	66.9262
856.0000	67.4234
855.0000	67.612
854.0000	67.4397
853.0000	66.9798
852.0000	66.2381
851.0000	65.2401
850.0000	64.1532
849.0000	62.9728
848.0000	61.7363
847.0000	60.5222
846.0000	59.4114
845.0000	58.4961
844.0000	57.737
843.0000	57.2418
842.0000	57.029
841.0000	57.057
840.0000	57.3394
839.0000	57.8947
838.0000	58.7085
837.0000	59.6826
836.0000	60.8377
835.0000	62.0871
834.0000	63.3372
833.0000	64.5169
832.0000	65.5607
831.0000	66.3878
830.0000	66.9278
829.0000	67.131
828.0000	66.9777
827.0000	66.4734
826.0000	65.6335
825.0000	64.5692
824.0000	63.3367
823.0000	62.0317
822.0000	60.721
821.0000	59.4594
820.0000	58.3491
819.0000	57.4627
818.0000	56.8601
817.0000	56.5425
816.0000	56.5335
815.0000	56.8118
814.0000	57.4297
813.0000	58.3013
812.0000	59.4149
811.0000	60.6564
810.0000	62.0095
809.0000	63.3662
808.0000	64.6106
807.0000	65.6604
806.0000	66.3968
805.0000	66.8284
804.0000	66.8347
803.0000	66.3914
802.0000	65.5938
801.0000	64.5104
800.0000	63.2311
799.0000	61.7999
798.0000	60.3801
797.0000	59.0927
796.0000	57.9922
795.0000	57.1633
794.0000	56.6475
793.0000	56.4617
792.0000	56.6401
791.0000	57.1717
790.0000	58.0254
789.0000	59.1697
788.0000	60.502
787.0000	61.9273
786.0000	63.3425
785.0000	64.6529
784.0000	65.7118
783.0000	66.4702
782.0000	66.8344
781.0000	66.7351
780.0000	66.1701
779.0000	65.2341
778.0000	64.009
777.0000	62.6176
776.0000	61.1763
775.0000	59.7959
774.0000	58.5953
773.0000	57.6557
772.0000	57.0568
771.0000	56.8006
770.0000	56.9244
769.0000	57.4445
768.0000	58.3274
767.0000	59.5037
766.0000	60.8799
765.0000	62.3846
764.0000	63.8957
763.0000	65.256
762.0000	66.2869
761.0000	66.9392
760.0000	67.1195
759.0000	66.7957
758.0000	66.0046
757.0000	64.8664
756.0000	63.4815
755.0000	62.0266
754.0000	60.5701
753.0000	59.3078
752.0000	58.33
751.0000	57.7025
750.0000	57.4656
749.0000	57.6824
748.0000	58.3354
747.0000	59.3475
746.0000	60.6712
745.0000	62.195
744.0000	63.7821
743.0000	65.2599
742.0000	66.468
741.0000	67.2599
740.0000	67.5515
739.0000	67.3292
738.0000	66.6307
737.0000	65.5082
736.0000	64.1037
735.0000	62.61
734.0000	61.1888
733.0000	59.9757
732.0000	59.0776
731.0000	58.5792
730.0000	58.5328
729.0000	58.9378
728.0000	59.7839
727.0000	60.9872
726.0000	62.447
725.0000	64.0154
724.0000	65.5411
723.0000	66.8362
722.0000	67.7381
721.0000	68.1223
720.0000	67.9379
719.0000	67.2836
718.0000	66.1915
717.0000	64.8166
716.0000	63.3567
715.0000	61.9279
714.0000	60.756
713.0000	59.9702
712.0000	59.635
711.0000	59.7906
710.0000	60.449
709.0000	61.5424
708.0000	62.9538
707.0000	64.5071
706.0000	66.0214
705.0000	67.3397
704.0000	68.269
703.0000	68.6313
702.0000	68.396
701.0000	67.628
700.0000	66.4427
699.0000	65.0309
698.0000	63.6062
697.0000	62.3548
696.0000	61.4327
695.0000	60.9076
694.0000	60.8466
693.0000	61.2579
692.0000	62.1181
691.0000	63.3589
690.0000	64.8425
689.0000	66.3818
688.0000	67.7675
687.0000	68.8114
686.0000	69.3851
685.0000	69.3884
684.0000	68.8059
683.0000	67.7304
682.0000	66.3363
681.0000	64.8394
680.0000	63.5119
679.0000	62.5553
678.0000	62.1029
677.0000	62.2255
676.0000	62.8613
675.0000	63.9047
674.0000	65.2722
673.0000	66.7375
672.0000	68.0561
671.0000	69.0473
670.0000	69.5263
669.0000	69.4625
668.0000	68.8467
667.0000	67.773
666.0000	66.4488
665.0000	65.1033
664.0000	63.9782
663.0000	63.2372
662.0000	62.994
661.0000	63.3115
660.0000	64.1279
659.0000	65.319
658.0000	66.6826
657.0000	67.9842
656.0000	69.0243
655.0000	69.622
654.0000	69.6435
653.0000	69.1006
652.0000	68.0796
651.0000	66.7861
650.0000	65.5269
649.0000	64.4942
648.0000	63.8766
647.0000	63.7643
646.0000	64.1952
645.0000	65.0885
644.0000	66.279
643.0000	67.587
642.0000	68.7361
641.0000	69.4915
640.0000	69.6822
639.0000	69.2772
638.0000	68.4152
637.0000	67.249
636.0000	66.0096
635.0000	64.9546
634.0000	64.3222
633.0000	64.2073
632.0000	64.6282
631.0000	65.5017
630.0000	66.6693
629.0000	67.9037
628.0000	68.9078
627.0000	69.4478
626.0000	69.4476
625.0000	68.8855
624.0000	67.8623
623.0000	66.6256
622.0000	65.4721
621.0000	64.6292
620.0000	64.2815
619.0000	64.479
618.0000	65.2177
617.0000	66.2999
616.0000	67.5049
615.0000	68.5434
614.0000	69.1712
613.0000	69.2086
612.0000	68.631
611.0000	67.5907
610.0000	66.3473
609.0000	65.1759
608.0000	64.3914
607.0000	64.1415
606.0000	64.4896
605.0000	65.3538
604.0000	66.5351
603.0000	67.7238
602.0000	68.6121
601.0000	68.9354
600.0000	68.5384
599.0000	67.5983
598.0000	66.3149
597.0000	65.0526
596.0000	64.0936
595.0000	63.7434
594.0000	64.06
593.0000	64.961
592.0000	66.2008
591.0000	67.4033
590.0000	68.2348
589.0000	68.4349
588.0000	67.9564
587.0000	66.8989
586.0000	65.5365
585.0000	64.2693
584.0000	63.4353
583.0000	63.2663
582.0000	63.8145
581.0000	64.9258
580.0000	66.245
579.0000	67.3659
578.0000	67.9234
577.0000	67.7589
576.0000	66.904
575.0000	65.6169
574.0000	64.2536
573.0000	63.2001
572.0000	62.7971
571.0000	63.1978
570.0000	64.2448
569.0000	65.5903
568.0000	66.7694
567.0000	67.3908
566.0000	67.2471
565.0000	66.3671
564.0000	65.0451
563.0000	63.6481
562.0000	62.6739
561.0000	62.4605
560.0000	63.0571
559.0000	64.2682
558.0000	65.6353
557.0000	66.6773
556.0000	67.0273
555.0000	66.5107
554.0000	65.3296
553.0000	63.9126
552.0000	62.7331
551.0000	62.2742
550.0000	62.7062
549.0000	63.8549
548.0000	65.2679
547.0000	66.3769
546.0000	66.7826
545.0000	66.3297
544.0000	65.1957
543.0000	63.813
542.0000	62.7501
541.0000	62.4422
540.0000	63.0172
539.0000	64.2389
538.0000	65.6024
537.0000	66.5587
536.0000	66.7231
535.0000	66.0588
534.0000	64.8676
533.0000	63.6556
532.0000	62.9584
531.0000	63.1203
530.0000	64.0972
529.0000	65.4604
528.0000	66.598
527.0000	67.0699
526.0000	66.7125
525.0000	65.729
524.0000	64.5796
523.0000	63.8297
522.0000	63.8882
521.0000	64.7697
520.0000	66.1251
519.0000	67.2225
518.0000	67.6574
517.0000	67.2947
516.0000	66.3713
515.0000	65.4134
514.0000	64.9494
513.0000	65.2549
512.0000	66.2671
511.0000	67.481
510.0000	68.3237
509.0000	68.4369
508.0000	67.8568
507.0000	66.9876
506.0000	66.3806
505.0000	66.4496
504.0000	67.2384
503.0000	68.3311
502.0000	69.183
501.0000	69.413
500.0000	68.9893
499.0000	68.2779
498.0000	67.79
497.0000	67.9101
496.0000	68.6341
495.0000	69.5798
494.0000	70.2223
493.0000	70.2916
492.0000	69.8815
491.0000	69.3494
490.0000	69.1364
489.0000	69.4517
488.0000	70.1302
487.0000	70.7786
486.0000	71.071
485.0000	70.9276
484.0000	70.5284
483.0000	70.2537
482.0000	70.3695
481.0000	70.8392
480.0000	71.3476
479.0000	71.6033
478.0000	71.5127
477.0000	71.2409
476.0000	71.0563
475.0000	71.1486
474.0000	71.4742
473.0000	71.8172
472.0000	71.8947
471.0000	71.7772
470.0000	71.5968
469.0000	71.5208
468.0000	71.6417
467.0000	71.8469
466.0000	71.9368
465.0000	71.851
464.0000	71.6924
463.0000	71.6213
462.0000	71.6604
461.0000	71.7247
460.0000	71.7094
459.0000	71.6028
458.0000	71.4934
457.0000	71.4465
456.0000	71.4306
455.0000	71.3585
454.0000	71.2123
453.0000	71.052
452.0000	70.9537
451.0000	70.9415
450.0000	70.9285
449.0000	70.7727
448.0000	70.4852
447.0000	70.221
446.0000	70.1649
445.0000	70.214
444.0000	70.1656
443.0000	69.924
442.0000	69.4912
441.0000	69.2184
440.0000	69.2495
439.0000	69.3624
438.0000	69.2242
437.0000	68.7668
436.0000	68.3072
435.0000	68.1921
434.0000	68.3856
433.0000	68.4085
432.0000	67.9714
431.0000	67.3893
430.0000	67.1613
429.0000	67.3659
428.0000	67.4639
427.0000	67.0743
426.0000	66.4822
425.0000	66.2685
424.0000	66.5006
423.0000	66.5563
422.0000	66.0649
421.0000	65.4466
420.0000	65.3449
419.0000	65.7811
418.0000	65.9116
417.0000	65.3935
416.0000	64.9031
415.0000	65.0754
414.0000	65.5335
413.0000	65.4079
412.0000	64.8487
411.0000	64.7247
410.0000	65.1676
409.0000	65.4191
408.0000	65.0195
407.0000	64.7442
406.0000	65.1372
405.0000	65.5867
404.0000	65.4487
403.0000	65.2948
402.0000	65.7336
401.0000	66.203
400.0000	66.1387
399.0000	66.0194
398.0000	66.322
397.0000	66.5242
396.0000	66.3199
395.0000	66.1459
394.0000	66.3133
393.0000	66.4171
392.0000	66.3122
391.0000	66.3314
390.0000	66.4787
389.0000	66.4435
388.0000	66.344
387.0000	66.3125
386.0000	66.2257
385.0000	66.0289
384.0000	65.8664
383.0000	65.676
382.0000	65.3868
381.0000	65.0523
380.0000	64.6593
379.0000	64.1945
378.0000	63.5717
377.0000	62.8047
376.0000	61.8153
375.0000	60.4227
374.0000	58.4607
373.0000	55.5767
372.0000	51.5406
371.0000	46.2293
370.0000	37.058
369.0000	29.4173
368.0000	21.8432
367.0000	15.019
366.0000	9.36978
365.0000	5.12541
364.0000	2.34843
363.0000	0.853516
362.0000	0.233371
361.0000	0.0516523
360.0000	0.0139336
359.0000	0.0063976
358.0000	0.00462183
357.0000	0.00400139
356.0000	0.00267597
355.0000	0.0017939
354.0000	0.00178906
353.0000	0.0016073