899.0000	40.3389
898.0000	39.6093
897.0000	39.0443
896.0000	38.5094
895.0000	37.8817
894.0000	37.2876
893.0000	36.7605
892.0000	36.2031
891.0000	35.7297
890.0000	35.5397
889.0000	35.4782
888.0000	35.358
887.0000	35.3089
886.0000	35.3919
885.0000	35.6547
884.0000	35.9126
883.0000	36.3177
882.0000	36.7471
881.0000	37.3805
880.0000	37.9747
879.0000	38.4988
878.0000	39.0852
877.0000	39.5626
876.0000	39.8233
875.0000	40.0139
874.0000	40.1397
873.0000	40.0218
872.0000	39.7997
871.0000	39.5101
870.0000	39.105
869.0000	38.504
868.0000	37.89
867.0000	37.2479
866.0000	36.6579
865.0000	36.0832
864.0000	35.5638
863.0000	35.1064
862.0000	34.7595
861.0000	34.5664
860.0000	34.4935
859.0000	34.4909
858.0000	34.6619
857.0000	34.9956
856.0000	35.4148
855.0000	35.9208
854.0000	36.5569
853.0000	37.229
852.0000	37.9098
851.0000	38.5365
850.0000	39.103
849.0000	39.5908
848.0000	39.9665
847.0000	40.191
846.0000	40.2418
845.0000	40.0991
844.0000	39.7847
843.0000	39.2854
842.0000	38.7085
841.0000	38.1072
840.0000	37.4364
839.0000	36.7395
838.0000	36.1492
837.0000	35.6055
836.0000	35.1592
835.0000	34.8491
834.0000	34.6926
833.0000	34.6391
832.0000	34.7696
831.0000	35.0644
830.0000	35.4839
829.0000	36.0113
828.0000	36.6329
827.0000	37.3401
826.0000	38.0294
825.0000	38.7219
824.0000	39.3783
823.0000	39.846
822.0000	40.1725
821.0000	40.3455
820.0000	40.3424
819.0000	40.1051
818.0000	39.6506
817.0000	39.0755
816.0000	38.3797
815.0000	37.6235
814.0000	36.8461
813.0000	36.1169
812.0000	35.4861
811.0000	34.9737
810.0000	34.6092
809.0000	34.4535
808.0000	34.4498
807.0000	34.636
806.0000	34.9757
805.0000	35.4464
804.0000	36.0698
803.0000	36.8063
802.0000	37.5871
801.0000	38.3571
800.0000	39.0663
799.0000	39.666
798.0000	40.0876
797.0000	40.2662
796.0000	40.2194
795.0000	39.9418
794.0000	39.4505
793.0000	38.8165
792.0000	38.0602
791.0000	37.2393
790.0000	36.4388
789.0000	35.733
788.0000	35.1386
787.0000	34.7022
786.0000	34.459
785.0000	34.4053
784.0000	34.543
783.0000	34.9003
782.0000	35.44
781.0000	36.1047
780.0000	36.8836
779.0000	37.7026
778.0000	38.509
777.0000	39.2338
776.0000	39.7994
775.0000	40.1416
774.0000	40.25
773.0000	40.1096
772.0000	39.7107
771.0000	39.1327
770.0000	38.3733
769.0000	37.5562
768.0000	36.7377
767.0000	35.9718
766.0000	35.3319
765.0000	34.8578
764.0000	34.6033
763.0000	34.5518
762.0000	34.7331
761.0000	35.151
760.0000	35.7473
759.0000	36.5083
758.0000	37.3546
757.0000	38.2155
756.0000	39.029
755.0000	39.708
754.0000	40.1872
753.0000	40.3906
752.0000	40.3208
751.0000	39.9585
750.0000	39.3822
749.0000	38.6163
748.0000	37.7518
747.0000	36.9033
746.0000	36.1238
745.0000	35.5129
744.0000	35.0978
743.0000	34.9015
742.0000	34.9901
741.0000	35.3203
740.0000	35.8962
739.0000	36.6188
738.0000	37.47
737.0000	38.3692
736.0000	39.2259
735.0000	39.962
734.0000	40.4853
733.0000	40.7255
732.0000	40.6279
731.0000	40.2713
730.0000	39.6845
729.0000	38.9215
728.0000	38.0881
727.0000	37.2392
726.0000	36.5199
725.0000	35.9676
724.0000	35.6487
723.0000	35.6143
722.0000	35.8307
721.0000	36.2964
720.0000	36.9945
719.0000	37.8317
718.0000	38.7219
717.0000	39.5817
716.0000	40.3254
715.0000	40.8618
714.0000	41.0974
713.0000	40.9943
712.0000	40.5941
711.0000	39.9466
710.0000	39.128
709.0000	38.2581
708.0000	37.4664
707.0000	36.8194
706.0000	36.3922
705.0000	36.2467
704.0000	36.3793
703.0000	36.8054
702.0000	37.4677
701.0000	38.3033
700.0000	39.2148
699.0000	40.0971
698.0000	40.8251
697.0000	41.2902
696.0000	41.4664
695.0000	41.2934
694.0000	40.8368
693.0000	40.1528
692.0000	39.3224
691.0000	38.4878
690.0000	37.787
689.0000	37.2813
688.0000	37.052
687.0000	37.125
686.0000	37.5002
685.0000	38.1339
684.0000	38.9268
683.0000	39.8013
682.0000	40.6466
681.0000	41.3185
680.0000	41.7321
679.0000	41.8113
678.0000	41.5781
677.0000	41.0626
676.0000	40.3489
675.0000	39.5563
674.0000	38.8058
673.0000	38.2086
672.0000	37.8671
671.0000	37.822
670.0000	38.0658
669.0000	38.5922
668.0000	39.3382
667.0000	40.18
666.0000	40.9765
665.0000	41.6284
664.0000	42.0163
663.0000	42.0639
662.0000	41.7806
661.0000	41.2149
660.0000	40.4861
659.0000	39.7108
658.0000	39.049
657.0000	38.5819
656.0000	38.394
655.0000	38.5194
654.0000	38.9602
653.0000	39.6352
652.0000	40.435
651.0000	41.2073
650.0000	41.8336
649.0000	42.2014
648.0000	42.2368
647.0000	41.9484
646.0000	41.3874
645.0000	40.6817
644.0000	39.9723
643.0000	39.3781
642.0000	39.0164
641.0000	38.9475
640.0000	39.2282
639.0000	39.7858
638.0000	40.5046
637.0000	41.2537
636.0000	41.9056
635.0000	42.3124
634.0000	42.3851
633.0000	42.1282
632.0000	41.6072
631.0000	40.9183
630.0000	40.2117
629.0000	39.6375
628.0000	39.3075
627.0000	39.2872
626.0000	39.5938
625.0000	40.1664
624.0000	40.8861
623.0000	41.5935
622.0000	42.1283
621.0000	42.3823
620.0000	42.2956
619.0000	41.8972
618.0000	41.267
617.0000	40.5611
616.0000	39.9222
615.0000	39.504
614.0000	39.4053
613.0000	39.6613
612.0000	40.2106
611.0000	40.9225
610.0000	41.6481
609.0000	42.1817
608.0000	42.4146
607.0000	42.282
606.0000	41.8037
605.0000	41.1106
604.0000	40.3862
603.0000	39.7976
602.0000	39.5041
601.0000	39.5567
600.0000	39.88
599.0000	40.5504
598.0000	41.292
597.0000	41.9042
596.0000	42.2118
595.0000	42.1157
594.0000	41.6559
593.0000	40.934
592.0000	40.1392
591.0000	39.5149
590.0000	39.2042
589.0000	39.3076
588.0000	39.7685
587.0000	40.4751
586.0000	41.2476
585.0000	41.8402
584.0000	42.0452
583.0000	41.8464
582.0000	41.2813
581.0000	40.4871
580.0000	39.7007
579.0000	39.15
578.0000	39.0127
577.0000	39.2892
576.0000	39.9198
575.0000	40.7012
574.0000	41.4089
573.0000	41.8131
572.0000	41.7648
571.0000	41.2828
570.0000	40.5091
569.0000	39.6495
568.0000	39.0103
567.0000	38.7928
566.0000	39.0486
565.0000	39.6906
564.0000	40.5212
563.0000	41.2552
562.0000	41.6523
561.0000	41.5401
560.0000	40.9813
559.0000	40.1352
558.0000	39.2973
557.0000	38.7537
556.0000	38.6936
555.0000	39.136
554.0000	39.9274
553.0000	40.7721
552.0000	41.3391
551.0000	41.4139
550.0000	40.9927
549.0000	40.2005
548.0000	39.324
547.0000	38.7026
546.0000	38.5941
545.0000	39.0179
544.0000	39.8293
543.0000	40.6971
542.0000	41.2883
541.0000	41.375
540.0000	40.9455
539.0000	40.1477
538.0000	39.3125
537.0000	38.8074
536.0000	38.8301
535.0000	39.3716
534.0000	40.2182
533.0000	41.0075
532.0000	41.4155
531.0000	41.2892
530.0000	40.6869
529.0000	39.8831
528.0000	39.2236
527.0000	39.0349
526.0000	39.3949
525.0000	40.1681
524.0000	41.0226
523.0000	41.5789
522.0000	41.6229
521.0000	41.1638
520.0000	40.2898
519.0000	39.6899
518.0000	39.5325
517.0000	39.9154
516.0000	40.6732
515.0000	41.4557
514.0000	41.9184
513.0000	41.8991
512.0000	41.4089
511.0000	40.7506
510.0000	40.3189
509.0000	40.3454
508.0000	40.8915
507.0000	41.6878
506.0000	42.3071
505.0000	42.4826
504.0000	42.1955
503.0000	41.6559
502.0000	41.201
501.0000	41.1629
500.0000	41.6125
499.0000	42.31
498.0000	42.888
497.0000	43.0699
496.0000	42.8735
495.0000	42.4256
494.0000	42.0714
493.0000	42.0929
492.0000	42.5349
491.0000	43.1458
490.0000	43.5759
489.0000	43.6546
488.0000	43.4052
487.0000	43.0614
486.0000	42.8959
485.0000	43.078
484.0000	43.5122
483.0000	43.9509
482.0000	44.1826
481.0000	44.0856
480.0000	43.8265
479.0000	43.634
478.0000	43.71
477.0000	44.0092
476.0000	44.3605
475.0000	44.5438
474.0000	44.5047
473.0000	44.3186
472.0000	44.2023
471.0000	44.2641
470.0000	44.4488
469.0000	44.6599
468.0000	44.7735
467.0000	44.7069
466.0000	44.5848
465.0000	44.5332
464.0000	44.6103
463.0000	44.7341
462.0000	44.8199
461.0000	44.8159
460.0000	44.7329
459.0000	44.6618
458.0000	44.6414
457.0000	44.6736
456.0000	44.7015
455.0000	44.6852
454.0000	44.6353
453.0000	44.5844
452.0000	44.5546
451.0000	44.5091
450.0000	44.4636
449.0000	44.4191
448.0000	44.3739
447.0000	44.3365
446.0000	44.2359
445.0000	44.1099
444.0000	44.0162
443.0000	43.9989
442.0000	43.972
441.0000	43.9051
440.0000	43.7411
439.0000	43.5664
438.0000	43.4621
437.0000	43.4704
436.0000	43.4547
435.0000	43.2889
434.0000	43.0547
433.0000	42.8854
432.0000	42.8882
431.0000	42.9262
430.0000	42.79
429.0000	42.4881
428.0000	42.268
427.0000	42.278
426.0000	42.3819
425.0000	42.278
424.0000	41.941
423.0000	41.6827
422.0000	41.7278
421.0000	41.8776
420.0000	41.4109
419.0000	41.0331
418.0000	40.8417
417.0000	41.0064
416.0000	41.227
415.0000	41.1139
414.0000	40.8281
413.0000	40.844
412.0000	41.1301
411.0000	41.162
410.0000	40.8118
409.0000	40.6247
408.0000	40.8187
407.0000	40.9261
406.0000	40.6401
405.0000	40.3583
404.0000	40.4886
403.0000	40.6995
402.0000	40.5621
401.0000	40.444
400.0000	40.664
399.0000	40.9046
398.0000	40.8448
397.0000	40.8101
396.0000	41.0312
395.0000	41.1804
394.0000	41.0936
393.0000	41.0656
392.0000	41.2324
391.0000	41.2482
390.0000	41.1623
389.0000	41.2199
388.0000	41.2543
387.0000	41.2062
386.0000	41.1481
385.0000	41.1563
384.0000	41.0748
383.0000	40.9271
382.0000	40.8187
381.0000	40.6493
380.0000	40.4247
379.0000	40.1552
378.0000	39.8253
377.0000	39.3614
376.0000	38.7088
375.0000	37.8317
374.0000	36.5066
373.0000	34.5986
372.0000	31.9274
371.0000	28.373
370.0000	22.2215
369.0000	17.3628
368.0000	12.5725
367.0000	8.31893
366.0000	4.88531
365.0000	2.43966
364.0000	0.990996
363.0000	0.310412
362.0000	0.0747675
361.0000	0.0178705
360.0000	0.00782207
359.0000	0.00525889
358.0000	0.00329361
357.0000	0.00270249
356.0000	0.00250462
355.0000	0.00240371
354.0000	0.00191505
353.0000	0.00142482