899.0000	21.4228
898.0000	21.6886
897.0000	21.9043
896.0000	22.2486
895.0000	22.58
894.0000	22.9075
893.0000	22.9585
892.0000	22.8836
891.0000	22.9236
890.0000	22.7932
889.0000	22.5589
888.0000	22.2885
887.0000	21.9649
886.0000	21.5201
885.0000	21.1
884.0000	20.7279
883.0000	20.3782
882.0000	20.0396
881.0000	19.7306
880.0000	19.4465
879.0000	19.2612
878.0000	19.1638
877.0000	19.104
876.0000	19.0995
875.0000	19.2237
874.0000	19.403
873.0000	19.6959
872.0000	19.9956
871.0000	20.3277
870.0000	20.7131
869.0000	21.1305
868.0000	21.5079
867.0000	21.8984
866.0000	22.2359
865.0000	22.4731
864.0000	22.6185
863.0000	22.6808
862.0000	22.6368
861.0000	22.4819
860.0000	22.2537
859.0000	21.9677
858.0000	21.5719
857.0000	21.1316
856.0000	20.6782
855.0000	20.2715
854.0000	19.8762
853.0000	19.5342
852.0000	19.2606
851.0000	19.0506
850.0000	18.9394
849.0000	18.9131
848.0000	18.9788
847.0000	19.1438
846.0000	19.3673
845.0000	19.6934
844.0000	20.0694
843.0000	20.4909
842.0000	20.9554
841.0000	21.4109
840.0000	21.8333
839.0000	22.215
838.0000	22.5037
837.0000	22.6916
836.0000	22.7654
835.0000	22.6923
834.0000	22.5039
833.0000	22.205
832.0000	21.828
831.0000	21.391
830.0000	20.9319
829.0000	20.4591
828.0000	20.0079
827.0000	19.608
826.0000	19.2769
825.0000	19.045
824.0000	18.8951
823.0000	18.8397
822.0000	18.8975
821.0000	19.0592
820.0000	19.3018
819.0000	19.6403
818.0000	20.0708
817.0000	20.5575
816.0000	21.058
815.0000	21.5366
814.0000	21.9729
813.0000	22.3409
812.0000	22.6051
811.0000	22.726
810.0000	22.6921
809.0000	22.5067
808.0000	22.201
807.0000	21.7755
806.0000	21.2889
805.0000	20.7784
804.0000	20.2607
803.0000	19.7739
802.0000	19.3558
801.0000	19.0209
800.0000	18.7894
799.0000	18.6778
798.0000	18.6882
797.0000	18.8369
796.0000	19.1084
795.0000	19.4724
794.0000	19.9257
793.0000	20.4411
792.0000	20.9795
791.0000	21.5039
790.0000	21.9684
789.0000	22.3427
788.0000	22.5762
787.0000	22.6428
786.0000	22.5358
785.0000	22.2752
784.0000	21.8979
783.0000	21.4226
782.0000	20.8865
781.0000	20.3437
780.0000	19.8228
779.0000	19.3744
778.0000	19.0148
777.0000	18.7738
776.0000	18.6774
775.0000	18.7136
774.0000	18.8777
773.0000	19.1849
772.0000	19.5989
771.0000	20.088
770.0000	20.6448
769.0000	21.2094
768.0000	21.7389
767.0000	22.1915
766.0000	22.4978
765.0000	22.6429
764.0000	22.6055
763.0000	22.3955
762.0000	22.0189
761.0000	21.5336
760.0000	20.9802
759.0000	20.41
758.0000	19.8673
757.0000	19.4108
756.0000	19.061
755.0000	18.8538
754.0000	18.8014
753.0000	18.9
752.0000	19.1643
751.0000	19.5587
750.0000	20.064
749.0000	20.646
748.0000	21.2555
747.0000	21.8248
746.0000	22.3038
745.0000	22.6354
744.0000	22.7788
743.0000	22.7173
742.0000	22.4536
741.0000	22.0385
740.0000	21.4823
739.0000	20.9003
738.0000	20.3359
737.0000	19.8161
736.0000	19.4042
735.0000	19.1398
734.0000	19.0432
733.0000	19.122
732.0000	19.3667
731.0000	19.7582
730.0000	20.2716
729.0000	20.8763
728.0000	21.4957
727.0000	22.083
726.0000	22.5744
725.0000	22.8832
724.0000	22.9786
723.0000	22.8696
722.0000	22.5666
721.0000	22.097
720.0000	21.5201
719.0000	20.9302
718.0000	20.3864
717.0000	19.9336
716.0000	19.6194
715.0000	19.4616
714.0000	19.5125
713.0000	19.7422
712.0000	20.1462
711.0000	20.686
710.0000	21.3143
709.0000	21.9461
708.0000	22.5205
707.0000	22.9561
706.0000	23.184
705.0000	23.198
704.0000	22.9963
703.0000	22.5757
702.0000	22.0244
701.0000	21.4184
700.0000	20.8392
699.0000	20.363
698.0000	20.0392
697.0000	19.8935
696.0000	19.9377
695.0000	20.1641
694.0000	20.5371
693.0000	21.0266
692.0000	21.5874
691.0000	22.1564
690.0000	22.6572
689.0000	23.0312
688.0000	23.211
687.0000	23.1701
686.0000	22.9199
685.0000	22.5069
684.0000	21.9798
683.0000	21.4059
682.0000	20.88
681.0000	20.5018
680.0000	20.3438
679.0000	20.4068
678.0000	20.6592
677.0000	21.0814
676.0000	21.6159
675.0000	22.2166
674.0000	22.7941
673.0000	23.272
672.0000	23.5677
671.0000	23.6272
670.0000	23.4558
669.0000	23.0903
668.0000	22.5947
667.0000	22.0325
666.0000	21.5104
665.0000	21.1027
664.0000	20.8612
663.0000	20.8458
662.0000	21.0591
661.0000	21.4629
660.0000	22.0023
659.0000	22.5802
658.0000	23.1124
657.0000	23.5196
656.0000	23.7214
655.0000	23.6917
654.0000	23.4354
653.0000	22.9917
652.0000	22.4497
651.0000	21.9214
650.0000	21.4942
649.0000	21.2396
648.0000	21.1937
647.0000	21.3736
646.0000	21.7385
645.0000	22.2343
644.0000	22.7827
643.0000	23.2753
642.0000	23.6163
641.0000	23.7451
640.0000	23.6288
639.0000	23.307
638.0000	22.8459
637.0000	22.3362
636.0000	21.8809
635.0000	21.559
634.0000	21.4321
633.0000	21.5259
632.0000	21.8256
631.0000	22.2596
630.0000	22.756
629.0000	23.2275
628.0000	23.5617
627.0000	23.6784
626.0000	23.5706
625.0000	23.2681
624.0000	22.8186
623.0000	22.3253
622.0000	21.9067
621.0000	21.6473
620.0000	21.5949
619.0000	21.7585
618.0000	22.1037
617.0000	22.5542
616.0000	23.0162
615.0000	23.3789
614.0000	23.5708
613.0000	23.5412
612.0000	23.2767
611.0000	22.8454
610.0000	22.3594
609.0000	21.933
608.0000	21.6546
607.0000	21.6098
606.0000	21.7766
605.0000	22.1318
604.0000	22.5929
603.0000	23.0399
602.0000	23.3578
601.0000	23.4717
600.0000	23.2996
599.0000	22.9429
598.0000	22.4602
597.0000	21.9809
596.0000	21.6182
595.0000	21.4854
594.0000	21.6046
593.0000	21.9331
592.0000	22.3885
591.0000	22.8445
590.0000	23.1797
589.0000	23.2883
588.0000	23.1469
587.0000	22.7677
586.0000	22.2587
585.0000	21.7743
584.0000	21.4321
583.0000	21.3311
582.0000	21.4916
581.0000	21.8615
580.0000	22.3408
579.0000	22.7924
578.0000	23.0594
577.0000	23.0634
576.0000	22.8075
575.0000	22.3546
574.0000	21.8218
573.0000	21.3647
572.0000	21.1145
571.0000	21.177
570.0000	21.5043
569.0000	21.9936
568.0000	22.4831
567.0000	22.815
566.0000	22.8845
565.0000	22.6595
564.0000	22.2054
563.0000	21.6504
562.0000	21.177
561.0000	20.9327
560.0000	21.0073
559.0000	21.3678
558.0000	21.8819
557.0000	22.3589
556.0000	22.6313
555.0000	22.6046
554.0000	22.2748
553.0000	21.7515
552.0000	21.1945
551.0000	20.826
550.0000	20.788
549.0000	21.0788
548.0000	21.5872
547.0000	22.1005
546.0000	22.4398
545.0000	22.4849
544.0000	22.1991
543.0000	21.688
542.0000	21.1369
541.0000	20.7569
540.0000	20.7053
539.0000	21.0034
538.0000	21.5076
537.0000	22.0187
536.0000	22.3282
535.0000	22.3204
534.0000	22.0058
533.0000	21.4995
532.0000	21.0023
531.0000	20.7392
530.0000	20.836
529.0000	21.2473
528.0000	21.7724
527.0000	22.1992
526.0000	22.3521
525.0000	22.1884
524.0000	21.7663
523.0000	21.2741
522.0000	20.9558
521.0000	20.9673
520.0000	21.2868
519.0000	21.7909
518.0000	22.2198
517.0000	22.3986
516.0000	22.2616
515.0000	21.8896
514.0000	21.4655
513.0000	21.2096
512.0000	21.2773
511.0000	21.6643
510.0000	22.1549
509.0000	22.5173
508.0000	22.5906
507.0000	22.3848
506.0000	22.0224
505.0000	21.7072
504.0000	21.6586
503.0000	21.9227
502.0000	22.3649
501.0000	22.748
500.0000	22.9055
499.0000	22.7928
498.0000	22.4998
497.0000	22.2353
496.0000	22.1972
495.0000	22.4268
494.0000	22.8135
493.0000	23.137
492.0000	23.2547
491.0000	23.1503
490.0000	22.9238
489.0000	22.7537
488.0000	22.7831
487.0000	23.0229
486.0000	23.3287
485.0000	23.5496
484.0000	23.5806
483.0000	23.4495
482.0000	23.2919
481.0000	23.2469
480.0000	23.3635
479.0000	23.5822
478.0000	23.7605
477.0000	23.8121
476.0000	23.751
475.0000	23.6546
474.0000	23.6095
473.0000	23.6756
472.0000	23.8052
471.0000	23.901
470.0000	23.9174
469.0000	23.877
468.0000	23.826
467.0000	23.8072
466.0000	23.831
465.0000	23.8634
464.0000	23.8849
463.0000	23.8792
462.0000	23.8589
461.0000	23.8453
460.0000	23.8115
459.0000	23.7659
458.0000	23.7254
457.0000	23.7239
456.0000	23.7481
455.0000	23.7593
454.0000	23.7014
453.0000	23.6016
452.0000	23.5178
451.0000	23.4988
450.0000	23.5469
449.0000	23.5969
448.0000	23.556
447.0000	23.4245
446.0000	23.3037
445.0000	23.2912
444.0000	23.38
443.0000	23.4374
442.0000	23.3513
441.0000	23.161
440.0000	23.0348
439.0000	23.0559
438.0000	23.1806
437.0000	23.1924
436.0000	23.0208
435.0000	22.7767
434.0000	22.6962
433.0000	22.8153
432.0000	22.8981
431.0000	22.7483
430.0000	22.4439
429.0000	22.2574
428.0000	22.312
427.0000	22.3976
426.0000	22.2376
425.0000	21.9004
424.0000	21.6991
423.0000	21.7981
422.0000	21.9195
421.0000	21.7461
420.0000	21.5111
419.0000	21.3449
418.0000	21.5459
417.0000	21.7201
416.0000	21.5212
415.0000	21.1706
414.0000	21.1449
413.0000	21.4109
412.0000	21.4421
411.0000	21.1109
410.0000	20.8916
409.0000	21.0775
408.0000	21.289
407.0000	21.0839
406.0000	20.7842
405.0000	20.9052
404.0000	21.181
403.0000	21.0754
402.0000	20.8297
401.0000	20.9497
400.0000	21.2127
399.0000	21.1331
398.0000	20.9435
397.0000	21.0654
396.0000	21.2511
395.0000	21.1438
394.0000	21.0353
393.0000	21.1983
392.0000	21.2994
391.0000	21.2136
390.0000	21.2444
389.0000	21.3615
388.0000	21.3479
387.0000	21.3242
386.0000	21.3612
385.0000	21.3546
384.0000	21.3033
383.0000	21.2747
382.0000	21.2213
381.0000	21.1419
380.0000	21.0444
379.0000	20.9198
378.0000	20.74
377.0000	20.5058
376.0000	20.1996
375.0000	19.7637
374.0000	19.1146
373.0000	18.1746
372.0000	16.8341
371.0000	15.056
370.0000	12.0447
369.0000	9.51465
368.0000	7.03134
367.0000	4.78471
366.0000	2.92703
365.0000	1.53508
364.0000	0.648466
363.0000	0.209092
362.0000	0.0477289
361.0000	0.00807772
360.0000	0.00150153
359.0000	-0.000271703
358.0000	-0.00115933
357.0000	-0.0014181
356.0000	-0.00186146
355.0000	-0.00158801
354.0000	-0.00159132
353.0000	-0.00141644
