899.0000	24.1252
898.0000	24.4674
897.0000	24.6965
896.0000	24.9915
895.0000	25.3087
894.0000	25.564
893.0000	25.6213
892.0000	25.6942
891.0000	25.7101
890.0000	25.5597
889.0000	25.3233
888.0000	25.0444
887.0000	24.7404
886.0000	24.3122
885.0000	23.9062
884.0000	23.4829
883.0000	23.0908
882.0000	22.7246
881.0000	22.4179
880.0000	22.1862
879.0000	22.0223
878.0000	21.9118
877.0000	21.8569
876.0000	21.909
875.0000	22.0242
874.0000	22.1859
873.0000	22.4521
872.0000	22.7916
871.0000	23.1565
870.0000	23.5736
869.0000	23.9976
868.0000	24.4126
867.0000	24.7638
866.0000	25.102
865.0000	25.3859
864.0000	25.5335
863.0000	25.5993
862.0000	25.5115
861.0000	25.3508
860.0000	25.1099
859.0000	24.7716
858.0000	24.3946
857.0000	23.9872
856.0000	23.553
855.0000	23.1227
854.0000	22.7305
853.0000	22.3832
852.0000	22.1153
851.0000	21.942
850.0000	21.8366
849.0000	21.8126
848.0000	21.9124
847.0000	22.0945
846.0000	22.342
845.0000	22.6796
844.0000	23.0876
843.0000	23.5236
842.0000	23.9868
841.0000	24.4518
840.0000	24.8986
839.0000	25.2808
838.0000	25.5814
837.0000	25.7509
836.0000	25.7974
835.0000	25.7234
834.0000	25.5337
833.0000	25.2339
832.0000	24.8397
831.0000	24.3895
830.0000	23.9035
829.0000	23.4046
828.0000	22.9429
827.0000	22.5353
826.0000	22.2111
825.0000	21.9712
824.0000	21.8405
823.0000	21.8082
822.0000	21.8811
821.0000	22.0592
820.0000	22.3618
819.0000	22.7388
818.0000	23.1925
817.0000	23.6887
816.0000	24.2091
815.0000	24.7008
814.0000	25.1297
813.0000	25.4725
812.0000	25.7022
811.0000	25.788
810.0000	25.7352
809.0000	25.553
808.0000	25.2185
807.0000	24.7787
806.0000	24.2838
805.0000	23.7572
804.0000	23.231
803.0000	22.751
802.0000	22.3268
801.0000	21.9912
800.0000	21.7785
799.0000	21.6872
798.0000	21.7228
797.0000	21.891
796.0000	22.1751
795.0000	22.5678
794.0000	23.0524
793.0000	23.589
792.0000	24.1242
791.0000	24.6503
790.0000	25.1198
789.0000	25.4767
788.0000	25.6808
787.0000	25.7201
786.0000	25.5943
785.0000	25.3193
784.0000	24.9101
783.0000	24.4041
782.0000	23.8454
781.0000	23.2803
780.0000	22.7513
779.0000	22.2983
778.0000	21.9557
777.0000	21.731
776.0000	21.6486
775.0000	21.7135
774.0000	21.908
773.0000	22.2354
772.0000	22.6732
771.0000	23.1876
770.0000	23.7652
769.0000	24.3504
768.0000	24.8645
767.0000	25.2965
766.0000	25.5821
765.0000	25.6933
764.0000	25.6193
763.0000	25.3668
762.0000	24.9547
761.0000	24.4331
760.0000	23.8706
759.0000	23.2748
758.0000	22.7258
757.0000	22.2748
756.0000	21.9323
755.0000	21.7443
754.0000	21.7177
753.0000	21.8568
752.0000	22.1446
751.0000	22.5691
750.0000	23.1095
749.0000	23.6971
748.0000	24.3049
747.0000	24.8676
746.0000	25.3209
745.0000	25.6285
744.0000	25.7418
743.0000	25.6414
742.0000	25.3431
741.0000	24.8914
740.0000	24.3346
739.0000	23.7299
738.0000	23.1446
737.0000	22.6263
736.0000	22.2191
735.0000	21.966
734.0000	21.884
733.0000	21.9791
732.0000	22.2545
731.0000	22.6708
730.0000	23.2056
729.0000	23.8222
728.0000	24.4464
727.0000	25.024
726.0000	25.4811
725.0000	25.7665
724.0000	25.8377
723.0000	25.6796
722.0000	25.3182
721.0000	24.8147
720.0000	24.2171
719.0000	23.5911
718.0000	23.0244
717.0000	22.5602
716.0000	22.2325
715.0000	22.0877
714.0000	22.1321
713.0000	22.3705
712.0000	22.7848
711.0000	23.3362
710.0000	23.9663
709.0000	24.5938
708.0000	25.1499
707.0000	25.5507
706.0000	25.7432
705.0000	25.7162
704.0000	25.438
703.0000	24.9604
702.0000	24.363
701.0000	23.7056
700.0000	23.0727
699.0000	22.5487
698.0000	22.197
697.0000	22.0281
696.0000	22.0785
695.0000	22.3308
694.0000	22.7556
693.0000	23.312
692.0000	23.9381
691.0000	24.5809
690.0000	25.1513
689.0000	25.5745
688.0000	25.7884
687.0000	25.7745
686.0000	25.5386
685.0000	25.1252
684.0000	24.6177
683.0000	24.0826
682.0000	23.604
681.0000	23.2675
680.0000	23.1332
679.0000	23.2167
678.0000	23.5024
677.0000	23.9488
676.0000	24.5259
675.0000	25.1418
674.0000	25.7288
673.0000	26.1973
672.0000	26.4672
671.0000	26.4961
670.0000	26.2807
669.0000	25.8758
668.0000	25.3496
667.0000	24.7669
666.0000	24.2503
665.0000	23.8629
664.0000	23.6571
663.0000	23.6827
662.0000	23.9334
661.0000	24.368
660.0000	24.9321
659.0000	25.5317
658.0000	26.0701
657.0000	26.4629
656.0000	26.6323
655.0000	26.5595
654.0000	26.2649
653.0000	25.7965
652.0000	25.2436
651.0000	24.7113
650.0000	24.2976
649.0000	24.0703
648.0000	24.0606
647.0000	24.2757
646.0000	24.6852
645.0000	25.2105
644.0000	25.7669
643.0000	26.2649
642.0000	26.5966
641.0000	26.6945
640.0000	26.5426
639.0000	26.1899
638.0000	25.7051
637.0000	25.1825
636.0000	24.7259
635.0000	24.4187
634.0000	24.3173
633.0000	24.4332
632.0000	24.7569
631.0000	25.2304
630.0000	25.7476
629.0000	26.2163
628.0000	26.5386
627.0000	26.6344
626.0000	26.4902
625.0000	26.1461
624.0000	25.6699
623.0000	25.1731
622.0000	24.7551
621.0000	24.5073
620.0000	24.493
619.0000	24.6855
618.0000	25.0642
617.0000	25.5412
616.0000	26.0154
615.0000	26.3695
614.0000	26.5359
613.0000	26.4617
612.0000	26.1625
611.0000	25.7166
610.0000	25.2174
609.0000	24.7965
608.0000	24.5418
607.0000	24.5154
606.0000	24.7211
605.0000	25.1031
604.0000	25.5785
603.0000	26.0237
602.0000	26.332
601.0000	26.4075
600.0000	26.1933
599.0000	25.8054
598.0000	25.3021
597.0000	24.8239
596.0000	24.4808
595.0000	24.3654
594.0000	24.5199
593.0000	24.8723
592.0000	25.3429
591.0000	25.8123
590.0000	26.125
589.0000	26.1969
588.0000	26.0047
587.0000	25.5941
586.0000	25.078
585.0000	24.5811
584.0000	24.2609
583.0000	24.201
582.0000	24.3905
581.0000	24.8011
580.0000	25.2941
579.0000	25.7302
578.0000	25.9658
577.0000	25.9346
576.0000	25.6395
575.0000	25.1557
574.0000	24.6109
573.0000	24.1658
572.0000	23.9593
571.0000	24.048
570.0000	24.4264
569.0000	24.9403
568.0000	25.4141
567.0000	25.7028
566.0000	25.7242
565.0000	25.4481
564.0000	24.944
563.0000	24.3759
562.0000	23.927
561.0000	23.7364
560.0000	23.86
559.0000	24.2527
558.0000	24.778
557.0000	25.2413
556.0000	25.4729
555.0000	25.3882
554.0000	24.9965
553.0000	24.4322
552.0000	23.8858
551.0000	23.5496
550.0000	23.5571
549.0000	23.9089
548.0000	24.4425
547.0000	24.9515
546.0000	25.2412
545.0000	25.2201
544.0000	24.8776
543.0000	24.3169
542.0000	23.7664
541.0000	23.4316
540.0000	23.4408
539.0000	23.7908
538.0000	24.3219
537.0000	24.8205
536.0000	25.0776
535.0000	24.9922
534.0000	24.6064
533.0000	24.0712
532.0000	23.5843
531.0000	23.3719
530.0000	23.5313
529.0000	23.9847
528.0000	24.5179
527.0000	24.9158
526.0000	25.0142
525.0000	24.7701
524.0000	24.2882
523.0000	23.7883
522.0000	23.5097
521.0000	23.5827
520.0000	24.0058
519.0000	24.5298
518.0000	24.9351
517.0000	25.0443
516.0000	24.828
515.0000	24.3912
514.0000	23.9414
513.0000	23.7206
512.0000	23.8612
511.0000	24.2861
510.0000	24.7895
509.0000	25.1219
508.0000	25.1305
507.0000	24.8565
506.0000	24.4404
505.0000	24.1229
504.0000	24.1273
503.0000	24.4458
502.0000	24.9129
501.0000	25.2936
500.0000	25.3956
499.0000	25.2063
498.0000	24.8662
497.0000	24.5921
496.0000	24.5743
495.0000	24.8511
494.0000	25.2665
493.0000	25.5863
492.0000	25.656
491.0000	25.493
490.0000	25.2212
489.0000	25.0397
488.0000	25.1033
487.0000	25.3806
486.0000	25.6972
485.0000	25.8872
484.0000	25.8673
483.0000	25.6925
482.0000	25.5072
481.0000	25.4698
480.0000	25.6105
479.0000	25.8419
478.0000	26.0203
477.0000	26.0451
476.0000	25.9309
475.0000	25.7863
474.0000	25.7452
473.0000	25.8325
472.0000	25.9862
471.0000	26.0844
470.0000	26.0825
469.0000	25.9973
468.0000	25.9092
467.0000	25.879
466.0000	25.9165
465.0000	25.9792
464.0000	26.0003
463.0000	25.9819
462.0000	25.9495
461.0000	25.91
460.0000	25.8955
459.0000	25.8915
458.0000	25.8861
457.0000	25.887
456.0000	25.8983
455.0000	25.9195
454.0000	25.9021
453.0000	25.8581
452.0000	25.8237
451.0000	25.8304
450.0000	25.882
449.0000	25.9284
448.0000	25.9089
447.0000	25.8201
446.0000	25.7402
445.0000	25.7367
444.0000	25.7894
443.0000	25.8295
442.0000	25.7506
441.0000	25.5903
440.0000	25.4653
439.0000	25.4607
438.0000	25.5223
437.0000	25.5061
436.0000	25.3146
435.0000	25.075
434.0000	24.9841
433.0000	25.0272
432.0000	25.027
431.0000	24.8366
430.0000	24.5258
429.0000	24.3402
428.0000	24.3844
427.0000	24.4288
426.0000	24.2746
425.0000	23.9984
424.0000	23.8718
423.0000	24.0013
422.0000	24.1316
421.0000	23.9831
420.0000	23.7009
419.0000	23.617
418.0000	23.8223
417.0000	23.944
416.0000	23.7417
415.0000	23.4651
414.0000	23.4904
413.0000	23.6972
412.0000	23.6707
411.0000	23.3462
410.0000	23.1796
409.0000	23.3769
408.0000	23.4909
407.0000	23.2445
406.0000	23.0277
405.0000	23.1828
404.0000	23.3826
403.0000	23.2069
402.0000	22.9981
401.0000	23.1658
400.0000	23.3589
399.0000	23.2151
398.0000	23.0882
397.0000	23.2622
396.0000	23.3911
395.0000	23.2438
394.0000	23.2041
393.0000	23.3792
392.0000	23.4068
391.0000	23.3201
390.0000	23.3944
389.0000	23.463
388.0000	23.415
387.0000	23.4244
386.0000	23.4646
385.0000	23.4404
384.0000	23.4005
383.0000	23.3697
382.0000	23.3215
381.0000	23.2353
380.0000	23.1327
379.0000	23.0069
378.0000	22.8356
377.0000	22.5843
376.0000	22.2537
375.0000	21.7718
374.0000	21.0468
373.0000	19.9843
372.0000	18.4685
371.0000	16.4431
370.0000	13.1236
369.0000	10.2919
368.0000	7.52199
367.0000	5.04364
366.0000	3.01632
365.0000	1.53842
364.0000	0.629496
363.0000	0.196693
362.0000	0.045929
361.0000	0.0100783
360.0000	0.00410908
359.0000	0.00313518
358.0000	0.00274536
357.0000	0.00220268
356.0000	0.00166145
355.0000	0.00154558
354.0000	0.00146673
353.0000	0.00138807