899.0000	49.9088
898.0000	49.1128
897.0000	48.6614
896.0000	48.6323
895.0000	48.2883
894.0000	48.2976
893.0000	48.5745
892.0000	49.0567
891.0000	49.3364
890.0000	49.8958
889.0000	50.5474
888.0000	51.4348
887.0000	52.2334
886.0000	52.9793
885.0000	53.7619
884.0000	54.3541
883.0000	54.9243
882.0000	55.2933
881.0000	55.3948
880.0000	55.4327
879.0000	55.0698
878.0000	54.6625
877.0000	54.1669
876.0000	53.3193
875.0000	52.391
874.0000	51.4057
873.0000	50.4583
872.0000	49.5498
871.0000	48.7427
870.0000	48.1031
869.0000	47.5207
868.0000	47.1108
867.0000	46.9228
866.0000	46.9041
865.0000	47.0961
864.0000	47.4562
863.0000	47.9848
862.0000	48.6325
861.0000	49.4805
860.0000	50.3738
859.0000	51.3075
858.0000	52.2379
857.0000	53.1899
856.0000	53.9791
855.0000	54.5703
854.0000	55.0186
853.0000	55.1439
852.0000	55.0308
851.0000	54.7156
850.0000	54.1406
849.0000	53.3825
848.0000	52.4758
847.0000	51.4846
846.0000	50.5025
845.0000	49.5187
844.0000	48.6541
843.0000	47.8931
842.0000	47.3404
841.0000	46.9741
840.0000	46.8502
839.0000	46.9069
838.0000	47.224
837.0000	47.7251
836.0000	48.4141
835.0000	49.2706
834.0000	50.2519
833.0000	51.2968
832.0000	52.347
831.0000	53.3485
830.0000	54.2385
829.0000	54.8903
828.0000	55.3169
827.0000	55.457
826.0000	55.2956
825.0000	54.8336
824.0000	54.1171
823.0000	53.1907
822.0000	52.1721
821.0000	51.0613
820.0000	49.94
819.0000	48.904
818.0000	47.9823
817.0000	47.2876
816.0000	46.8245
815.0000	46.5858
814.0000	46.6171
813.0000	46.9167
812.0000	47.4375
811.0000	48.1828
810.0000	49.1451
809.0000	50.2349
808.0000	51.3785
807.0000	52.5055
806.0000	53.5318
805.0000	54.3302
804.0000	54.919
803.0000	55.181
802.0000	55.1066
801.0000	54.7114
800.0000	53.9927
799.0000	53.0083
798.0000	51.8809
797.0000	50.6865
796.0000	49.5216
795.0000	48.4691
794.0000	47.5914
793.0000	46.9573
792.0000	46.6045
791.0000	46.5144
790.0000	46.7198
789.0000	47.2441
788.0000	48.016
787.0000	49.0057
786.0000	50.11
785.0000	51.2998
784.0000	52.4825
783.0000	53.5561
782.0000	54.4364
781.0000	54.9786
780.0000	55.1517
779.0000	54.9667
778.0000	54.4243
777.0000	53.5613
776.0000	52.4651
775.0000	51.2708
774.0000	50.08
773.0000	48.9484
772.0000	47.9834
771.0000	47.2897
770.0000	46.8469
769.0000	46.7214
768.0000	46.95
767.0000	47.4726
766.0000	48.2749
765.0000	49.3021
764.0000	50.5024
763.0000	51.7881
762.0000	53.0247
761.0000	54.1055
760.0000	54.8666
759.0000	55.2948
758.0000	55.3108
757.0000	54.9039
756.0000	54.1562
755.0000	53.1138
754.0000	51.9052
753.0000	50.6501
752.0000	49.4665
751.0000	48.4685
750.0000	47.7616
749.0000	47.35
748.0000	47.2777
747.0000	47.5924
746.0000	48.2543
745.0000	49.2166
744.0000	50.3898
743.0000	51.7071
742.0000	53.0176
741.0000	54.2062
740.0000	55.0484
739.0000	55.5609
738.0000	55.6212
737.0000	55.2491
736.0000	54.4902
735.0000	53.4543
734.0000	52.2625
733.0000	51.0124
732.0000	49.8804
731.0000	48.9707
730.0000	48.3569
729.0000	48.0969
728.0000	48.2245
727.0000	48.6979
726.0000	49.532
725.0000	50.6467
724.0000	51.9569
723.0000	53.2931
722.0000	54.513
721.0000	55.4762
720.0000	56.0535
719.0000	56.1713
718.0000	55.8547
717.0000	55.1355
716.0000	54.0932
715.0000	52.8785
714.0000	51.6439
713.0000	50.5298
712.0000	49.6749
711.0000	49.1707
710.0000	49.0719
709.0000	49.3836
708.0000	50.0822
707.0000	51.0967
706.0000	52.3456
705.0000	53.6662
704.0000	54.8758
703.0000	55.8739
702.0000	56.4809
701.0000	56.6013
700.0000	56.2453
699.0000	55.4656
698.0000	54.4009
697.0000	53.1968
696.0000	52.0228
695.0000	51.0518
694.0000	50.3983
693.0000	50.1491
692.0000	50.3377
691.0000	50.959
690.0000	51.9465
689.0000	53.1304
688.0000	54.4214
687.0000	55.6429
686.0000	56.5682
685.0000	57.1451
684.0000	57.2419
683.0000	56.8623
682.0000	56.0431
681.0000	54.9328
680.0000	53.7329
679.0000	52.6256
678.0000	51.7728
677.0000	51.2942
676.0000	51.2415
675.0000	51.6032
674.0000	52.3755
673.0000	53.4417
672.0000	54.6645
671.0000	55.8625
670.0000	56.8324
669.0000	57.4046
668.0000	57.5115
667.0000	57.1513
666.0000	56.3593
665.0000	55.3283
664.0000	54.1986
663.0000	53.1592
662.0000	52.4088
661.0000	52.046
660.0000	52.141
659.0000	52.6905
658.0000	53.6217
657.0000	54.7551
656.0000	55.9028
655.0000	56.9061
654.0000	57.5624
653.0000	57.7451
652.0000	57.4254
651.0000	56.6742
650.0000	55.6551
649.0000	54.5482
648.0000	53.5928
647.0000	52.9553
646.0000	52.7268
645.0000	52.9737
644.0000	53.6602
643.0000	54.6513
642.0000	55.8046
641.0000	56.8548
640.0000	57.6145
639.0000	57.9138
638.0000	57.7034
637.0000	57.0318
636.0000	56.0796
635.0000	55.0086
634.0000	54.0612
633.0000	53.409
632.0000	53.2011
631.0000	53.4678
630.0000	54.1439
629.0000	55.12
628.0000	56.2127
627.0000	57.1529
626.0000	57.7282
625.0000	57.8451
624.0000	57.4625
623.0000	56.6468
622.0000	55.59
621.0000	54.5278
620.0000	53.7166
619.0000	53.3339
618.0000	53.4219
617.0000	53.9823
616.0000	54.9104
615.0000	56.0053
614.0000	56.9913
613.0000	57.628
612.0000	57.7625
611.0000	57.3565
610.0000	56.5223
609.0000	55.447
608.0000	54.389
607.0000	53.6439
606.0000	53.3638
605.0000	53.6279
604.0000	54.3535
603.0000	55.3721
602.0000	56.4639
601.0000	57.2944
600.0000	57.5823
599.0000	57.3488
598.0000	56.5579
597.0000	55.4752
596.0000	54.346
595.0000	53.4693
594.0000	53.0793
593.0000	53.2637
592.0000	53.9999
591.0000	55.0778
590.0000	56.1824
589.0000	56.9685
588.0000	57.2451
587.0000	56.912
586.0000	56.031
585.0000	54.857
584.0000	53.7223
583.0000	52.9455
582.0000	52.7447
581.0000	53.1743
580.0000	54.1196
579.0000	55.2918
578.0000	56.3024
577.0000	56.8638
576.0000	56.8043
575.0000	56.135
574.0000	55.017
573.0000	53.7641
572.0000	52.788
571.0000	52.389
570.0000	52.7
569.0000	53.5794
568.0000	54.765
567.0000	55.8609
566.0000	56.4818
565.0000	56.4433
564.0000	55.7063
563.0000	54.5115
562.0000	53.2835
561.0000	52.4131
560.0000	52.1827
559.0000	52.6902
558.0000	53.7463
557.0000	54.9767
556.0000	55.9319
555.0000	56.2598
554.0000	55.8269
553.0000	54.7871
552.0000	53.4798
551.0000	52.4412
550.0000	52.022
549.0000	52.3965
548.0000	53.4214
547.0000	54.6926
546.0000	55.7075
545.0000	56.0854
544.0000	55.7016
543.0000	54.6815
542.0000	53.462
541.0000	52.5237
540.0000	52.2681
539.0000	52.8052
538.0000	53.9158
537.0000	55.1413
536.0000	55.987
535.0000	56.1105
534.0000	55.5034
533.0000	54.4226
532.0000	53.3201
531.0000	52.7044
530.0000	52.8811
529.0000	53.764
528.0000	54.9672
527.0000	55.9961
526.0000	56.4149
525.0000	56.084
524.0000	55.1698
523.0000	54.1072
522.0000	53.4663
521.0000	53.5859
520.0000	54.3673
519.0000	55.5663
518.0000	56.526
517.0000	56.8675
516.0000	56.4995
515.0000	55.6226
514.0000	54.7557
513.0000	54.3673
512.0000	54.7226
511.0000	55.6803
510.0000	56.7749
509.0000	57.5017
508.0000	57.5567
507.0000	56.9894
506.0000	56.1618
505.0000	55.6204
504.0000	55.7606
503.0000	56.5514
502.0000	57.573
501.0000	58.3315
500.0000	58.4693
499.0000	58.028
498.0000	57.3663
497.0000	56.9167
496.0000	57.079
495.0000	57.7977
494.0000	58.6752
493.0000	59.2681
492.0000	59.2927
491.0000	58.8725
490.0000	58.3476
489.0000	58.1539
488.0000	58.4952
487.0000	59.1777
486.0000	59.8114
485.0000	60.0627
484.0000	59.8722
483.0000	59.459
482.0000	59.1879
481.0000	59.3159
480.0000	59.8021
479.0000	60.324
478.0000	60.6049
477.0000	60.4988
476.0000	60.2055
475.0000	59.9855
474.0000	60.069
473.0000	60.406
472.0000	60.7675
471.0000	60.9187
470.0000	60.8025
469.0000	60.5925
468.0000	60.4719
467.0000	60.5836
466.0000	60.7935
465.0000	60.9754
464.0000	60.9746
463.0000	60.8368
462.0000	60.6954
461.0000	60.6833
460.0000	60.7869
459.0000	60.8696
458.0000	60.8349
457.0000	60.7542
456.0000	60.6523
455.0000	60.5956
454.0000	60.581
453.0000	60.5404
452.0000	60.47
451.0000	60.3638
450.0000	60.2761
449.0000	60.208
448.0000	60.089
447.0000	59.9507
446.0000	59.8317
445.0000	59.7371
444.0000	59.6565
443.0000	59.5477
442.0000	59.3647
441.0000	59.1574
440.0000	59.0433
439.0000	59.0121
438.0000	58.8962
437.0000	58.653
436.0000	58.3525
435.0000	58.1845
434.0000	58.2109
433.0000	58.1724
432.0000	57.9266
431.0000	57.5467
430.0000	57.3328
429.0000	57.3812
428.0000	57.4261
427.0000	57.2074
426.0000	56.7947
425.0000	56.5563
424.0000	56.6498
423.0000	56.7656
422.0000	56.5335
421.0000	56.0905
420.0000	55.391
419.0000	55.5629
418.0000	55.7315
417.0000	55.5262
416.0000	55.211
415.0000	55.2845
414.0000	55.6358
413.0000	55.7131
412.0000	55.4035
411.0000	55.2361
410.0000	55.4742
409.0000	55.7123
408.0000	55.4157
407.0000	55.0429
406.0000	55.1504
405.0000	55.3985
404.0000	55.2492
403.0000	55.0013
402.0000	55.1743
401.0000	55.5494
400.0000	55.5865
399.0000	55.4954
398.0000	55.7476
397.0000	56.0884
396.0000	56.1184
395.0000	56.0972
394.0000	56.2993
393.0000	56.4495
392.0000	56.3753
391.0000	56.3763
390.0000	56.4771
389.0000	56.4767
388.0000	56.4024
387.0000	56.4188
386.0000	56.3773
385.0000	56.2454
384.0000	56.1005
383.0000	55.956
382.0000	55.7487
381.0000	55.4872
380.0000	55.1549
379.0000	54.7433
378.0000	54.2403
377.0000	53.5529
376.0000	52.6904
375.0000	51.3993
374.0000	49.5411
373.0000	46.8666
372.0000	43.1588
371.0000	38.2118
370.0000	29.832
369.0000	23.2437
368.0000	16.7925
367.0000	11.0713
366.0000	6.49838
365.0000	3.26485
364.0000	1.34486
363.0000	0.427931
362.0000	0.104333
361.0000	0.0238728
360.0000	0.00988866
359.0000	0.00624189
358.0000	0.00428018
357.0000	0.00397923
356.0000	0.00367937
355.0000	0.00318923
354.0000	0.00299406
353.0000	0.0027935