850.0000	72.7872
849.9000	71.1445
849.8000	72.199
849.7000	73.9966
849.6000	74.1966
849.5000	72.1563
849.4000	71.6329
849.3000	73.1543
849.2000	74.7685
849.1000	74.4092
849.0000	72.3821
848.9000	72.4717
848.8000	74.5896
848.7000	75.4052
848.6000	74.1717
848.5000	72.3217
848.4000	72.9491
848.3000	74.607
848.2000	74.7459
848.1000	72.9361
848.0000	71.8796
847.9000	72.8814
847.8000	74.6927
847.7000	73.8782
847.6000	71.8028
847.5000	71.3238
847.4000	73.3327
847.3000	74.6936
847.2000	73.7886
847.1000	72.2977
847.0000	73.2252
846.9000	75.2755
846.8000	75.8746
846.7000	74.544
846.6000	72.7957
846.5000	74.1005
846.4000	75.707
846.3000	75.5883
846.2000	73.8121
846.1000	73.0073
846.0000	74.6672
845.9000	75.6588
845.8000	74.7886
845.7000	73.0134
845.6000	73.2103
845.5000	75.2834
845.4000	76.1795
845.3000	74.7092
845.2000	73.3187
845.1000	74.9673
845.0000	77.1383
844.9000	77.1285
844.8000	75.2591
844.7000	74.8504
844.6000	76.6172
844.5000	77.9552
844.4000	76.5236
844.3000	74.8713
844.2000	75.4272
844.1000	77.3927
844.0000	77.9776
843.9000	76.3934
843.8000	75.5151
843.7000	77.0603
843.6000	78.6788
843.5000	78.1725
843.4000	76.6068
843.3000	77.0813
843.2000	79.1533
843.1000	80.1162
843.0000	78.9091
842.9000	77.6663
842.8000	78.9168
842.7000	80.1146
842.6000	80.1202
842.5000	78.7897
842.4000	78.1646
842.3000	79.6421
842.2000	80.9301
842.1000	80.1591
842.0000	78.9972
841.9000	79.5246
841.8000	81.3047
841.7000	82.0418
841.6000	81.0568
841.5000	79.8985
841.4000	80.9508
841.3000	82.7495
841.2000	82.456
841.1000	81.4294
841.0000	81.4922
840.9000	82.8287
840.8000	83.824
840.7000	82.9605
840.6000	81.8622
840.5000	82.0566
840.4000	83.7105
840.3000	83.8978
840.2000	82.6191
840.1000	82.174
840.0000	83.5286
839.9000	84.4007
839.8000	83.5284
839.7000	82.1694
839.6000	83.0427
839.5000	84.5468
839.4000	84.4321
839.3000	83.3892
839.2000	82.9895
839.1000	84.6903
839.0000	85.5386
838.9000	84.2136
838.8000	83.515
838.7000	84.0159
838.6000	85.4784
838.5000	85.473
838.4000	84.4386
838.3000	83.9808
838.2000	84.8427
838.1000	85.6101
838.0000	85.2611
837.9000	84.271
837.8000	84.4835
837.7000	85.6321
837.6000	86.2704
837.5000	85.4085
837.4000	84.7317
837.3000	85.7546
837.2000	86.433
837.1000	85.9306
837.0000	85.0218
836.9000	85.1576
836.8000	86.3799
836.7000	86.6276
836.6000	85.7022
836.5000	85.5584
836.4000	86.6255
836.3000	87.3162
836.2000	86.9951
836.1000	86.3249
836.0000	86.8309
835.9000	87.5556
835.8000	87.0152
835.7000	85.9926
835.6000	85.4932
835.5000	86.1314
835.4000	86.6003
835.3000	85.5958
835.2000	85.0741
835.1000	85.4626
835.0000	86.2277
834.9000	86.1124
834.8000	84.8659
834.7000	84.4079
834.6000	85.9489
834.5000	86.7888
834.4000	85.7553
834.3000	84.992
834.2000	85.3604
834.1000	86.3518
834.0000	85.8634
833.9000	84.2075
833.8000	83.917
833.7000	85.2324
833.6000	85.8012
833.5000	84.3618
833.4000	83.3269
833.3000	84.0355
833.2000	85.0903
833.1000	84.0337
833.0000	82.831
832.9000	83.0615
832.8000	84.2145
832.7000	84.6711
832.6000	83.0113
832.5000	82.3751
832.4000	83.0037
832.3000	84.192
832.2000	83.5314
832.1000	81.7737
832.0000	81.6222
831.9000	82.8802
831.8000	83.1524
831.7000	81.6257
831.6000	80.6543
831.5000	81.8044
831.4000	83.1249
831.3000	82.3503
831.2000	80.4046
831.1000	80.4206
831.0000	81.6458
830.9000	81.8136
830.8000	80.2069
830.7000	78.9463
830.6000	80.0123
830.5000	81.2856
830.4000	80.9065
830.3000	79.1779
830.2000	78.9677
830.1000	80.3499
830.0000	81.0459
829.9000	79.6287
829.8000	77.8585
829.7000	78.8099
829.6000	80.0828
829.5000	79.3094
829.4000	77.4609
829.3000	76.7505
829.2000	78.4503
829.1000	79.0573
829.0000	77.032
828.9000	75.9225
828.8000	76.4546
828.7000	78.2571
828.6000	77.6531
828.5000	75.8804
828.4000	75.6041
828.3000	77.2973
828.2000	77.9157
828.1000	76.2165
828.0000	74.518
827.9000	75.449
827.8000	77.1666
827.7000	76.5496
827.6000	74.5817
827.5000	74.1878
827.4000	76.3103
827.3000	76.8666
827.2000	75.046
827.1000	73.8301
827.0000	74.8543
826.9000	76.6385
826.8000	75.6792
826.7000	73.6218
826.6000	73.5479
826.5000	75.2447
826.4000	75.5525
826.3000	73.6294
826.2000	72.4194
826.1000	74.0687
826.0000	75.76
825.9000	74.8807
825.8000	72.8336
825.7000	73.035
825.6000	75.245
825.5000	75.2535
825.4000	73.1683
825.3000	71.9731
825.2000	73.5304
825.1000	75.1655
825.0000	73.8202
824.9000	72.1684
824.8000	72.7978
824.7000	74.8597
824.6000	74.9641
824.5000	73.1491
824.4000	72.3518
824.3000	74.2018
824.2000	75.0303
824.1000	74.1308
824.0000	72.3815
823.9000	72.9178
823.8000	74.8421
823.7000	74.4826
823.6000	72.5366
823.5000	71.7963
823.4000	73.7172
823.3000	75.1726
823.2000	73.9743
823.1000	72.5332
823.0000	73.4094
822.9000	75.2045
822.8000	74.9824
822.7000	72.8223
822.6000	72.143
822.5000	73.768
822.4000	75.2266
822.3000	74.0861
822.2000	72.6485
822.1000	73.3458
822.0000	75.6185
821.9000	75.7072
821.8000	73.9086
821.7000	73.1028
821.6000	75.0542
821.5000	76.2239
821.4000	74.8746
821.3000	72.9771
821.2000	74.18
821.1000	76.0192
821.0000	75.3214
820.9000	73.6745
820.8000	73.903
820.7000	76.0284
820.6000	76.8838
820.5000	75.3379
820.4000	74.8017
820.3000	76.4697
820.2000	77.8064
820.1000	77.1042
820.0000	75.4069
819.9000	76.2867
819.8000	78.0695
819.7000	77.8717
819.6000	76.3172
819.5000	75.8596
819.4000	77.626
819.3000	78.5818
819.2000	77.1035
819.1000	76.4395
819.0000	77.4915
818.9000	78.8671
818.8000	77.9527
818.7000	76.3882
818.6000	77.2893
818.5000	78.9495
818.4000	79.0788
818.3000	77.4569
818.2000	77.6633
818.1000	79.8965
818.0000	80.476
817.9000	78.5624
817.8000	78.0823
817.7000	79.4468
817.6000	80.6395
817.5000	79.5102
817.4000	77.8983
817.3000	79.3629
817.2000	81.0014
817.1000	80.8507
817.0000	79.368
816.9000	80.1579
816.8000	82.1116
816.7000	82.9211
816.6000	81.515
816.5000	81.0266
816.4000	82.6527
816.3000	83.6304
816.2000	82.3528
816.1000	81.6775
816.0000	83.097
815.9000	84.133
815.8000	83.3344
815.7000	82.192
815.6000	82.7652
815.5000	84.1405
815.4000	84.1063
815.3000	82.5743
815.2000	82.6213
815.1000	84.1035
815.0000	84.5554
814.9000	83.8802
814.8000	83.1877
814.7000	84.2138
814.6000	85.2197
814.5000	84.7791
814.4000	84.0486
814.3000	84.5955
814.2000	85.906
814.1000	85.8353
814.0000	84.922
813.9000	85.0483
813.8000	85.9638
813.7000	86.3709
813.6000	85.4494
813.5000	85.0423
813.4000	85.8479
813.3000	86.3855
813.2000	85.8282
813.1000	84.7526
813.0000	85.3324
812.9000	86.3035
812.8000	86.1156
812.7000	85.5428
812.6000	86.0658
812.5000	86.9376
812.4000	86.9923
812.3000	86.1248
812.2000	85.6296
812.1000	86.3917
812.0000	86.5267
811.9000	85.7636
811.8000	85.2679
811.7000	86.1468
811.6000	87.1132
811.5000	86.7556
811.4000	85.6698
811.3000	86.0383
811.2000	87.1974
811.1000	87.0498
811.0000	85.8814
810.9000	85.4316
810.8000	86.4796
810.7000	87.0387
810.6000	86.0602
810.5000	84.9383
810.4000	86.025
810.3000	86.9757
810.2000	85.8765
810.1000	84.8318
810.0000	85.3783
809.9000	85.9419
809.8000	85.1872
809.7000	84.2378
809.6000	84.2654
809.5000	85.2483
809.4000	85.0593
809.3000	84.0633
809.2000	84.0975
809.1000	84.7777
809.0000	84.4285
808.9000	83.0215
808.8000	82.8136
808.7000	83.7822
808.6000	84.1832
808.5000	82.827
808.4000	82.4162
808.3000	83.506
808.2000	83.9152
808.1000	82.4975
808.0000	81.4154
807.9000	82.7614
807.8000	83.2194
807.7000	82.193
807.6000	81.183
807.5000	81.9974
807.4000	83.1452
807.3000	82.5491
807.2000	81.1594
807.1000	81.4787
807.0000	82.585
806.9000	82.2874
806.8000	80.5275
806.7000	79.9055
806.6000	81.051
806.5000	81.3391
806.4000	79.8516
806.3000	79.0049
806.2000	80.0501
806.1000	80.5914
806.0000	79.3012
805.9000	77.8476
805.8000	78.4524
805.7000	79.5941
805.6000	78.8531
805.5000	77.4035
805.4000	77.687
805.3000	79.405
805.2000	79.3035
805.1000	77.5485
805.0000	77.6815
804.9000	78.9221
804.8000	78.7896
804.7000	76.9061
804.6000	76.0367
804.5000	77.6939
804.4000	78.0703
804.3000	76.4978
804.2000	75.6928
804.1000	76.8795
804.0000	78.0825
803.9000	76.6473
803.8000	75.3105
803.7000	75.7603
803.6000	77.1067
803.5000	76.1489
803.4000	74.343
803.3000	74.9913
803.2000	76.3735
803.1000	76.0573
803.0000	74.1225
802.9000	74.0297
802.8000	75.9595
802.7000	75.9108
802.6000	73.9232
802.5000	73.5064
802.4000	75.2079
802.3000	75.8816
802.2000	74.1319
802.1000	73.2123
802.0000	74.6181
801.9000	75.5554
801.8000	74.2227
801.7000	72.7554
801.6000	74.1444
801.5000	75.4302
801.4000	74.5072
801.3000	73.0467
801.2000	73.7773
801.1000	75.5079
801.0000	74.7762
800.9000	73.1252
800.8000	73.1656
800.7000	75.0157
800.6000	75.3682
800.5000	73.1952
800.4000	72.6615
800.3000	74.4307
800.2000	74.9462
800.1000	73.1764
800.0000	72.3748
799.9000	74.0308
799.8000	75.2499
799.7000	73.4553
799.6000	72.7097
799.5000	74.1153
799.4000	75.2705
799.3000	73.6114
799.2000	72.3339
799.1000	73.7287
799.0000	74.9726
798.9000	73.8045
798.8000	72.7916
798.7000	74.1772
798.6000	75.7794
798.5000	74.7981
798.4000	73.3787
798.3000	74.578
798.2000	75.8305
798.1000	74.9515
798.0000	73.3434
797.9000	74.0915
797.8000	75.8609
797.7000	75.0993
797.6000	73.7063
797.5000	74.4677
797.4000	76.4554
797.3000	76.3943
797.2000	74.9457
797.1000	75.5944
797.0000	77.1871
796.9000	77.298
796.8000	75.6921
796.7000	75.4562
796.6000	77.3083
796.5000	77.4883
796.4000	76.1551
796.3000	75.94
796.2000	77.7583
796.1000	78.3398
796.0000	77.0846
795.9000	76.936
795.8000	78.652
795.7000	79.5347
795.6000	77.8955
795.5000	77.532
795.4000	79.1521
795.3000	80.0891
795.2000	78.6315
795.1000	77.8241
795.0000	79.0019
794.9000	79.8597
794.8000	78.6159
794.7000	78.051
794.6000	79.2392
794.5000	80.5984
794.4000	79.9478
794.3000	79.4654
794.2000	80.8781
794.1000	82.3533
794.0000	81.3972
793.9000	80.544
793.8000	81.5977
793.7000	82.7652
793.6000	82.1295
793.5000	81.1162
793.4000	82.2197
793.3000	83.5278
793.2000	82.7645
793.1000	81.6214
793.0000	82.3948
792.9000	83.7342
792.8000	83.2839
792.7000	82.2458
792.6000	83.1449
792.5000	84.7218
792.4000	84.4684
792.3000	83.5859
792.2000	83.7191
792.1000	85.112
792.0000	84.5655
791.9000	83.4301
791.8000	83.7152
791.7000	84.7994
791.6000	84.9259
791.5000	84.066
791.4000	84.6553
791.3000	85.7693
791.2000	85.6552
791.1000	84.806
791.0000	85.1418
790.9000	86.5398
790.8000	86.1796
790.7000	85.2917
790.6000	85.6843
790.5000	86.7574
790.4000	86.4991
790.3000	85.8789
790.2000	86.1963
790.1000	87.0774
790.0000	87.0621
789.9000	86.3288
789.8000	86.4629
789.7000	87.0686
789.6000	86.7782
789.5000	85.8338
789.4000	86.4822
789.3000	87.2007
789.2000	87.0588
789.1000	86.2808
789.0000	86.5646
788.9000	87.0632
788.8000	86.3248
788.7000	85.2644
788.6000	85.8064
788.5000	86.145
788.4000	85.3836
788.3000	84.978
788.2000	85.446
788.1000	86.1365
788.0000	85.6808
787.9000	85.0586
787.8000	85.7427
787.7000	86.5806
787.6000	85.8204
787.5000	85.061
787.4000	85.6918
787.3000	86.1241
787.2000	85.5042
787.1000	84.5657
787.0000	85.1672
786.9000	85.9379
786.8000	85.2556
786.7000	84.5337
786.6000	84.706
786.5000	85.1902
786.4000	84.2669
786.3000	82.8567
786.2000	83.1749
786.1000	83.5996
786.0000	82.9003
785.9000	82.1399
785.8000	82.853
785.7000	83.7203
785.6000	82.9057
785.5000	82.0163
785.4000	82.8831
785.3000	83.8221
785.2000	83.0208
785.1000	81.839
785.0000	82.2034
784.9000	83.1174
784.8000	82.0363
784.7000	80.5531
784.6000	81.0192
784.5000	81.8976
784.4000	80.8812
784.3000	79.5498
784.2000	80.2061
784.1000	81.112
784.0000	80.2275
783.9000	79.1328
783.8000	79.5915
783.7000	80.5786
783.6000	79.7071
783.5000	78.4412
783.4000	79.1903
783.3000	80.2083
783.2000	79.0905
783.1000	78.0319
783.0000	78.88
782.9000	79.8674
782.8000	78.8324
782.7000	77.3375
782.6000	77.9359
782.5000	78.9211
782.4000	77.4905
782.3000	76.1344
782.2000	77.0895
782.1000	78.1582
782.0000	76.9456
781.9000	75.8599
781.8000	76.6185
781.7000	77.8217
781.6000	76.5718
781.5000	74.9286
781.4000	75.7585
781.3000	76.972
781.2000	76.0676
781.1000	74.6583
781.0000	75.4808
780.9000	76.6366
780.8000	75.5539
780.7000	74.3604
780.6000	75.0837
780.5000	76.1381
780.4000	74.9908
780.3000	73.6045
780.2000	74.7096
780.1000	75.9332
780.0000	74.7204
779.9000	73.4774
779.8000	74.6693
779.7000	75.7968
779.6000	74.641
779.5000	73.494
779.4000	74.4231
779.3000	75.1458
779.2000	73.8772
779.1000	72.7127
779.0000	73.798
778.9000	74.4084
778.8000	73.2296
778.7000	72.6642
778.6000	74.1392
778.5000	74.6759
778.4000	73.4815
778.3000	73.1889
778.2000	74.733
778.1000	75.2222
778.0000	73.649
777.9000	73.5867
777.8000	75.1362
777.7000	75.6033
777.6000	73.8317
777.5000	73.7632
777.4000	75.3129
777.3000	75.3993
777.2000	73.6433
777.1000	73.7881
777.0000	75.414
776.9000	75.4733
776.8000	73.7879
776.7000	73.9621
776.6000	75.5367
776.5000	75.3229
776.4000	73.7922
776.3000	74.0951
776.2000	75.7665
776.1000	75.5362
776.0000	74.079
775.9000	74.7883
775.8000	76.2517
775.7000	75.7318
775.6000	74.4807
775.5000	75.219
775.4000	76.6075
775.3000	76.0639
775.2000	74.6038
775.1000	75.6306
775.0000	77.1415
774.9000	76.5566
774.8000	75.3898
774.7000	76.6319
774.6000	78.157
774.5000	77.5233
774.4000	76.454
774.3000	77.5007
774.2000	78.8338
774.1000	78.0417
774.0000	77.0915
773.9000	78.2546
773.8000	79.4697
773.7000	78.4221
773.6000	77.8619
773.5000	79.2065
773.4000	80.4601
773.3000	79.3702
773.2000	78.7588
773.1000	80.1095
773.0000	80.834
772.9000	80.1311
772.8000	79.6258
772.7000	80.6757
772.6000	81.5853
772.5000	80.6958
772.4000	80.4044
772.3000	81.7751
772.2000	82.306
772.1000	81.5408
772.0000	81.6803
771.9000	82.7277
771.8000	82.8931
771.7000	81.7884
771.6000	81.4927
771.5000	82.7311
771.4000	82.7319
771.3000	81.4989
771.2000	81.8766
771.1000	83.2569
771.0000	83.192
770.9000	82.5778
770.8000	83.1156
770.7000	84.7176
770.6000	84.5897
770.5000	83.7134
770.4000	84.3664
770.3000	85.2927
770.2000	84.8706
770.1000	84.0968
770.0000	84.6006
769.9000	85.3309
769.8000	84.8279
769.7000	84.297
769.6000	85.2295
769.5000	85.7348
769.4000	85.1154
769.3000	84.8754
769.2000	85.8789
769.1000	85.9357
769.0000	85.4818
768.9000	85.7711
768.8000	86.55
768.7000	86.5039
768.6000	85.9508
768.5000	86.3489
768.4000	86.8524
768.3000	86.2035
768.2000	85.9739
768.1000	86.3702
768.0000	86.7064
767.9000	86.1834
767.8000	86.1091
767.7000	86.8336
767.6000	87.1326
767.5000	86.6378
767.4000	86.5052
767.3000	86.9922
767.2000	86.9008
767.1000	86.3853
767.0000	86.565
766.9000	87.0007
766.8000	86.6769
766.7000	86.1368
766.6000	86.5158
766.5000	86.5716
766.4000	85.9145
766.3000	85.2746
766.2000	85.7115
766.1000	85.873
766.0000	85.0526
765.9000	84.861
765.8000	85.4776
765.7000	85.4082
765.6000	84.589
765.5000	84.4898
765.4000	85.2207
765.3000	84.9943
765.2000	83.9551
765.1000	84.4242
765.0000	84.9903
764.9000	84.341
764.8000	83.8105
764.7000	84.5306
764.6000	84.784
764.5000	83.9955
764.4000	83.4018
764.3000	83.7678
764.2000	83.7596
764.1000	82.4283
764.0000	82.1127
763.9000	82.8033
763.8000	82.3302
763.7000	81.2718
763.6000	81.4476
763.5000	82.3069
763.4000	81.8566
763.3000	81.0527
763.2000	81.6755
763.1000	82.2262
763.0000	81.2337
762.9000	80.6339
762.8000	81.2013
762.7000	81.0076
762.6000	79.7976
762.5000	79.629
762.4000	80.4891
762.3000	80.241
762.2000	78.9057
762.1000	79.2447
762.0000	79.9998
761.9000	79.2148
761.8000	78.1095
761.7000	78.8197
761.6000	79.4127
761.5000	78.3579
761.4000	77.4814
761.3000	78.4589
761.2000	78.867
761.1000	77.424
761.0000	76.915
760.9000	77.9591
760.8000	78.0071
760.7000	76.3938
760.6000	76.2765
760.5000	77.187
760.4000	76.9031
760.3000	75.4309
760.2000	75.648
760.1000	76.5734
760.0000	75.7448
759.9000	74.9172
759.8000	75.5991
759.7000	76.4433
759.6000	75.3013
759.5000	74.8923
759.4000	75.9464
759.3000	75.8588
759.2000	74.3514
759.1000	74.2059
759.0000	75.1535
758.9000	74.6417
758.8000	73.6432
758.7000	74.2437
758.6000	75.3101
758.5000	74.4881
758.4000	73.7753
758.3000	74.7498
758.2000	75.2852
758.1000	74.083
758.0000	73.7806
757.9000	74.8777
757.8000	74.9236
757.7000	73.6008
757.6000	73.902
757.5000	74.9274
757.4000	74.3333
757.3000	73.2738
757.2000	74.0437
757.1000	74.8166
757.0000	74.1992
756.9000	73.4327
756.8000	74.6732
756.7000	75.1011
756.6000	73.8615
756.5000	73.9863
756.4000	75.021
756.3000	74.9515
756.2000	73.8028
756.1000	74.2178
756.0000	75.2791
755.9000	74.7143
755.8000	73.8753
755.7000	74.6601
755.6000	75.6243
755.5000	74.8508
755.4000	74.3979
755.3000	75.7158
755.2000	76.1427
755.1000	75.353
755.0000	75.4043
754.9000	76.6861
754.8000	76.5932
754.7000	75.5787
754.6000	76.177
754.5000	76.9536
754.4000	76.2013
754.3000	75.6818
754.2000	76.7348
754.1000	77.1882
754.0000	76.4608
753.9000	76.6395
753.8000	77.8492
753.7000	77.8966
753.6000	77.0972
753.5000	77.7684
753.4000	78.4928
753.3000	77.9184
753.2000	77.5832
753.1000	78.4645
753.0000	79.1312
752.9000	78.4004
752.8000	78.8138
752.7000	80.0038
752.6000	80.1073
752.5000	79.5298
752.4000	80.2999
752.3000	81.1593
752.2000	80.5912
752.1000	80.2827
752.0000	81.1885
751.9000	81.5809
751.8000	80.9143
751.7000	81.1543
751.6000	81.7323
751.5000	81.9614
751.4000	81.3066
751.3000	81.9637
751.2000	82.7692
751.1000	82.5914
751.0000	82.604
750.9000	83.44
750.8000	83.8383
750.7000	83.1781
750.6000	83.4586
750.5000	83.9337
750.4000	83.758
750.3000	83.3625
750.2000	84.0191
750.1000	84.8221
750.0000	84.4667
749.9000	84.6658
749.8000	85.1751
749.7000	85.3347
749.6000	84.8155
749.5000	85.0781
749.4000	85.515
749.3000	85.1512
749.2000	84.9751
749.1000	85.5668
749.0000	85.7381
748.9000	85.3857
748.8000	85.6055
748.7000	86.103
748.6000	86.0574
748.5000	85.6009
748.4000	85.9546
748.3000	86.2557
748.2000	85.9863
748.1000	85.8265
748.0000	86.1945
747.9000	86.2871
747.8000	86.1601
747.7000	86.2432
747.6000	86.5607
747.5000	86.3134
747.4000	86.2685
747.3000	86.5147
747.2000	86.4651
747.1000	86.4889
747.0000	86.5736
746.9000	87.0244
746.8000	86.4829
746.7000	86.2489
746.6000	86.6343
746.5000	86.5143
746.4000	86.2862
746.3000	86.4695
746.2000	86.7057
746.1000	86.4545
746.0000	86.0648
745.9000	86.3596
745.8000	86.2033
745.7000	85.3402
745.6000	85.1642
745.5000	85.2825
745.4000	84.8233
745.3000	84.5546
745.2000	84.876
745.1000	84.8896
745.0000	84.1675
744.9000	84.3237
744.8000	84.6063
744.7000	84.0277
744.6000	83.2949
744.5000	83.6279
744.4000	83.8076
744.3000	83.3794
744.2000	83.3539
744.1000	83.5999
744.0000	83.2742
743.9000	82.5714
743.8000	82.7841
743.7000	82.7222
743.6000	81.7218
743.5000	81.5447
743.4000	81.9311
743.3000	81.5896
743.2000	80.9344
743.1000	81.1453
743.0000	81.4483
742.9000	80.6208
742.8000	80.0883
742.7000	80.6297
742.6000	80.4686
742.5000	79.7438
742.4000	79.9028
742.3000	80.0526
742.2000	79.4343
742.1000	79.0383
742.0000	79.3064
741.9000	78.9707
741.8000	78.0875
741.7000	78.219
741.6000	78.3528
741.5000	77.8011
741.4000	77.2825
741.3000	77.892
741.2000	77.8194
741.1000	76.8626
741.0000	76.9642
740.9000	77.3765
740.8000	76.7441
740.7000	75.9533
740.6000	76.5475
740.5000	76.606
740.4000	75.6569
740.3000	75.7744
740.2000	76.5028
740.1000	76.2762
740.0000	75.8829
739.9000	76.2569
739.8000	76.4759
739.7000	75.3538
739.6000	75.0042
739.5000	75.6168
739.4000	75.2476
739.3000	74.3111
739.2000	74.6763
739.1000	75.2133
739.0000	74.6856
738.9000	74.2261
738.8000	74.9829
738.7000	75.2168
738.6000	74.3927
738.5000	74.5865
738.4000	75.1153
738.3000	74.5415
738.2000	73.9796
738.1000	74.6748
738.0000	74.9445
737.9000	73.9529
737.8000	74.0364
737.7000	74.9122
737.6000	74.8203
737.5000	74.1068
737.4000	74.5873
737.3000	75.1687
737.2000	74.4188
737.1000	74.2465
737.0000	74.8571
736.9000	74.7699
736.8000	73.7499
736.7000	74.4276
736.6000	75.0766
736.5000	74.6053
736.4000	74.5311
736.3000	75.4395
736.2000	75.7658
736.1000	75.0805
736.0000	75.5018
735.9000	76.0065
735.8000	75.4454
735.7000	75.2084
735.6000	75.7811
735.5000	76.1112
735.4000	75.6378
735.3000	76.1185
735.2000	76.821
735.1000	76.4313
735.0000	76.4343
734.9000	77.1111
734.8000	77.1252
734.7000	76.5299
734.6000	76.9546
734.5000	77.6251
734.4000	77.195
734.3000	77.0794
734.2000	77.8352
734.1000	78.1304
734.0000	77.8035
733.9000	78.2912
733.8000	78.9958
733.7000	78.7672
733.6000	78.7651
733.5000	79.35
733.4000	79.3391
733.3000	79.0113
733.2000	79.4849
733.1000	80.0976
733.0000	79.5882
732.9000	79.7708
732.8000	80.7666
732.7000	80.9087
732.6000	80.6539
732.5000	81.1452
732.4000	81.8684
732.3000	81.6694
732.2000	81.7914
732.1000	82.4554
732.0000	82.4337
731.9000	82.1896
731.8000	82.5807
731.7000	82.8058
731.6000	82.6748
731.5000	82.8408
731.4000	83.561
731.3000	83.7113
731.2000	83.4859
731.1000	83.8524
731.0000	84.2064
730.9000	83.8989
730.8000	84.1382
730.7000	84.5256
730.6000	84.6212
730.5000	84.4872
730.4000	84.9746
730.3000	85.3298
730.2000	84.9529
730.1000	84.9675
730.0000	85.4041
729.9000	85.3243
729.8000	85.2254
729.7000	85.5854
729.6000	85.8969
729.5000	85.7506
729.4000	85.9681
729.3000	86.2998
729.2000	86.2429
729.1000	86.0597
729.0000	86.2658
728.9000	86.171
728.8000	85.9206
728.7000	86.2012
728.6000	86.2648
728.5000	86.2456
728.4000	86.4063
728.3000	86.738
728.2000	86.7103
728.1000	86.4922
728.0000	86.5881
727.9000	86.4958
727.8000	86.0864
727.7000	86.1617
727.6000	86.3666
727.5000	86.0926
727.4000	85.9834
727.3000	86.1587
727.2000	85.9983
727.1000	85.6153
727.0000	85.6885
726.9000	85.7498
726.8000	85.4103
726.7000	85.4062
726.6000	85.5561
726.5000	85.1991
726.4000	84.8543
726.3000	84.8764
726.2000	84.6093
726.1000	84.2192
726.0000	84.1064
725.9000	84.3654
725.8000	84.0333
725.7000	83.9426
725.6000	84.0223
725.5000	83.7752
725.4000	83.3656
725.3000	83.2866
725.2000	83.2257
725.1000	82.5355
725.0000	82.2186
724.9000	82.4133
724.8000	81.9726
724.7000	81.6986
724.6000	81.9701
724.5000	81.7354
724.4000	81.2452
724.3000	81.2578
724.2000	81.3584
724.1000	80.8283
724.0000	80.3258
723.9000	80.2676
723.8000	80.0163
723.7000	79.6603
723.6000	79.7125
723.5000	79.6149
723.4000	79.1137
723.3000	79.0967
723.2000	79.272
723.1000	78.6298
723.0000	78.3598
722.9000	78.4848
722.8000	78.3222
722.7000	77.8483
722.6000	78.0104
722.5000	78.1283
722.4000	77.5496
722.3000	77.4507
722.2000	77.6038
722.1000	77.1681
722.0000	76.6709
721.9000	76.8963
721.8000	76.8419
721.7000	76.1838
721.6000	76.076
721.5000	76.2856
721.4000	75.7354
721.3000	75.4307
721.2000	75.9367
721.1000	75.4754
721.0000	75.0425
720.9000	75.3291
720.8000	75.3715
720.7000	74.7858
720.6000	74.6813
720.5000	75.1195
720.4000	74.8033
720.3000	74.6077
720.2000	74.9336
720.1000	74.9115
720.0000	74.474
719.9000	74.4844
719.8000	74.6017
719.7000	74.0656
719.6000	74.0812
719.5000	74.2829
719.4000	73.9868
719.3000	73.7582
719.2000	74.0682
719.1000	74.0819
719.0000	73.7106
718.9000	73.9141
718.8000	74.5866
718.7000	74.198
718.6000	74.1851
718.5000	74.7837
718.4000	74.6454
718.3000	74.1936
718.2000	74.5795
718.1000	74.7606
718.0000	74.384
717.9000	74.3653
717.8000	74.7053
717.7000	74.565
717.6000	74.4591
717.5000	74.8943
717.4000	75.0001
717.3000	74.6691
717.2000	75.0301
717.1000	75.4628
717.0000	75.2586
716.9000	75.2163
716.8000	75.8924
716.7000	75.7989
716.6000	75.6764
716.5000	76.1561
716.4000	76.3406
716.3000	76.0023
716.2000	76.216
716.1000	76.8564
716.0000	76.7888
715.9000	76.9121
715.8000	77.5305
715.7000	77.8529
715.6000	77.8756
715.5000	78.2911
715.4000	78.5696
715.3000	78.4786
715.2000	78.629
715.1000	78.9596
715.0000	79.0929
714.9000	79.1076
714.8000	79.4237
714.7000	79.5287
714.6000	79.7314
714.5000	80.0551
714.4000	80.3219
714.3000	80.2739
714.2000	80.6275
714.1000	80.8771
714.0000	81.034
713.9000	81.1655
713.8000	81.4485
713.7000	81.543
713.6000	81.8194
713.5000	82.1741
713.4000	82.3751
713.3000	82.3636
713.2000	82.6914
713.1000	82.865
713.0000	83.0317
712.9000	83.156
712.8000	83.4733
712.7000	83.5834
712.6000	83.6125
712.5000	83.798
712.4000	84.024
712.3000	84.206
712.2000	84.6382
712.1000	84.7005
712.0000	84.8526
711.9000	85.1173
711.8000	85.1779
711.7000	85.2624
711.6000	85.2332
711.5000	85.1272
711.4000	85.3766
711.3000	85.5026
711.2000	85.6671
711.1000	85.699
711.0000	85.7683
710.9000	85.9249
710.8000	85.945
710.7000	85.9168
710.6000	85.8675
710.5000	86.0084
710.4000	86.0842
710.3000	86.2769
710.2000	86.2523
710.1000	86.4551
710.0000	86.4064
709.9000	86.2467
709.8000	86.1469
709.7000	86.1529
709.6000	85.91
709.5000	85.8248
709.4000	85.8439
709.3000	85.715
709.2000	85.6308
709.1000	85.5777
709.0000	85.5436
708.9000	85.4069
708.8000	85.0436
708.7000	85.123
708.6000	84.9844
708.5000	84.8339
708.4000	84.8412
708.3000	84.6348
708.2000	84.4053
708.1000	84.2845
708.0000	84.1915
707.9000	83.7956
707.8000	83.6873
707.7000	83.683
707.6000	83.4478
707.5000	83.3123
707.4000	83.2909
707.3000	82.9919
707.2000	82.525
707.1000	82.4151
707.0000	82.3123
706.9000	81.9386
706.8000	81.7189
706.7000	81.7122
706.6000	81.5656
706.5000	81.3309
706.4000	81.218
706.3000	80.845
706.2000	80.5291
706.1000	80.3465
706.0000	79.9278
705.9000	79.7357
705.8000	79.597
705.7000	79.5831
705.6000	79.2446
705.5000	79.1791
705.4000	79.0068
705.3000	78.5388
705.2000	78.4004
705.1000	78.1844
705.0000	77.7678
704.9000	77.5792
704.8000	77.6634
704.7000	77.5723
704.6000	77.1845
704.5000	77.0778
704.4000	76.9646
704.3000	76.5596
704.2000	76.3221
704.1000	76.1211
704.0000	75.8974
703.9000	75.9176
703.8000	75.7495
703.7000	75.5611
703.6000	75.6314
703.5000	75.5103
703.4000	75.0856
703.3000	74.8745
703.2000	74.7578
703.1000	74.588
703.0000	74.5413
702.9000	74.4571
702.8000	74.3005
702.7000	74.4371
702.6000	74.5661
702.5000	74.3156
702.4000	74.174
702.3000	74.2281
702.2000	74.115
702.1000	74.059
702.0000	74.1804
701.9000	74.0049
701.8000	73.9305
701.7000	73.959
701.6000	73.8453
701.5000	73.7751
701.4000	73.8403
701.3000	73.957
701.2000	73.8873
701.1000	73.9769
701.0000	74.1134
700.9000	73.9703
700.8000	74.0685
700.7000	74.1095
700.6000	73.9746
700.5000	74.1591
700.4000	74.2531
700.3000	74.25
700.2000	74.3557
700.1000	74.5597
700.0000	74.6314
699.9000	74.7815
699.8000	75.0555
699.7000	75.076
699.6000	75.1278
699.5000	75.4648
699.4000	75.5067
699.3000	75.466
699.2000	75.8611
699.1000	75.9474
699.0000	75.8932
698.9000	76.2641
698.8000	76.4028
698.7000	76.4552
698.6000	76.6792
698.5000	76.9433
698.4000	77.0603
698.3000	77.2851
698.2000	77.592
698.1000	77.6224
698.0000	77.8729
697.9000	78.2213
697.8000	78.3487
697.7000	78.4877
697.6000	78.7922
697.5000	78.9044
697.4000	79.1663
697.3000	79.5627
697.2000	79.7416
697.1000	79.9382
697.0000	80.3274
696.9000	80.5189
696.8000	80.7166
696.7000	80.9225
696.6000	81.1111
696.5000	81.1571
696.4000	81.4717
696.3000	81.6515
696.2000	81.7175
696.1000	82.0749
696.0000	82.4712
695.9000	82.58
695.8000	82.7501
695.7000	83.1263
695.6000	83.1699
695.5000	83.3165
695.4000	83.5438
695.3000	83.5764
695.2000	83.9209
695.1000	84.2863
695.0000	84.3344
694.9000	84.4878
694.8000	84.7907
694.7000	84.856
694.6000	84.8746
694.5000	85.1198
694.4000	85.1507
694.3000	85.1504
694.2000	85.2813
694.1000	85.4307
694.0000	85.4627
693.9000	85.65
693.8000	85.7537
693.7000	85.7589
693.6000	85.9331
693.5000	86.0029
693.4000	85.7482
693.3000	85.8462
693.2000	85.848
693.1000	85.6858
693.0000	85.7905
692.9000	85.9071
692.8000	85.7547
692.7000	85.8403
692.6000	85.8552
692.5000	85.6455
692.4000	85.6566
692.3000	85.8339
692.2000	85.5525
692.1000	85.5681
692.0000	85.605
691.9000	85.3469
691.8000	85.246
691.7000	85.203
691.6000	84.7928
691.5000	84.7284
691.4000	84.7833
691.3000	84.552
691.2000	84.4197
691.1000	84.5199
691.0000	84.0083
690.9000	83.889
690.8000	83.8948
690.7000	83.2826
690.6000	83.0438
690.5000	83.0222
690.4000	82.5725
690.3000	82.2124
690.2000	82.1765
690.1000	81.7914
690.0000	81.6728
689.9000	81.6552
689.8000	81.2768
689.7000	81.0967
689.6000	81.2222
689.5000	80.7154
689.4000	80.3396
689.3000	80.3348
689.2000	79.885
689.1000	79.5711
689.0000	79.623
688.9000	79.2136
688.8000	78.9354
688.7000	78.8409
688.6000	78.4749
688.5000	78.131
688.4000	78.2482
688.3000	77.811
688.2000	77.4287
688.1000	77.5866
688.0000	77.2968
687.9000	76.9814
687.8000	76.9503
687.7000	76.7137
687.6000	76.321
687.5000	76.4658
687.4000	76.2378
687.3000	75.8736
687.2000	75.8837
687.1000	75.733
687.0000	75.2623
686.9000	75.326
686.8000	75.1927
686.7000	74.7982
686.6000	74.8219
686.5000	74.8297
686.4000	74.5036
686.3000	74.5603
686.2000	74.5591
686.1000	74.1211
686.0000	74.2389
685.9000	74.2142
685.8000	73.8365
685.7000	73.9307
685.6000	74.0087
685.5000	73.7907
685.4000	73.8026
685.3000	74.044
685.2000	73.8075
685.1000	73.6997
685.0000	73.972
684.9000	73.6787
684.8000	73.6671
684.7000	73.9015
684.6000	73.7926
684.5000	73.7362
684.4000	74.1675
684.3000	74.0848
684.2000	73.8647
684.1000	74.1545
684.0000	73.8818
683.9000	73.6105
683.8000	73.9722
683.7000	73.944
683.6000	73.8395
683.5000	74.4
683.4000	74.3325
683.3000	74.428
683.2000	74.9249
683.1000	74.8637
683.0000	74.7995
682.9000	75.3652
682.8000	75.3193
682.7000	75.1002
682.6000	75.5898
682.5000	75.6612
682.4000	75.6149
682.3000	76.1574
682.2000	76.1817
682.1000	76.1449
682.0000	76.8264
681.9000	76.758
681.8000	76.733
681.7000	77.1589
681.6000	77.335
681.5000	77.3947
681.4000	77.9256
681.3000	78.2273
681.2000	78.2955
681.1000	78.7504
681.0000	78.9609
680.9000	78.9159
680.8000	79.2572
680.7000	79.5179
680.6000	79.3364
680.5000	79.9516
680.4000	80.2255
680.3000	80.2851
680.2000	80.8162
680.1000	81.2097
680.0000	81.2288
679.9000	81.8252
679.8000	81.902
679.7000	81.8669
679.6000	82.4409
679.5000	82.3996
679.4000	82.355
679.3000	82.8427
679.2000	82.9565
679.1000	82.8726
679.0000	83.5938
678.9000	83.6022
678.8000	83.5548
678.7000	83.9595
678.6000	83.8972
678.5000	83.9931
678.4000	84.3389
678.3000	84.2867
678.2000	84.4007
678.1000	84.89
678.0000	84.8226
677.9000	84.908
677.8000	85.3476
677.7000	85.1161
677.6000	85.312
677.5000	85.6199
677.4000	85.4585
677.3000	85.4603
677.2000	85.613
677.1000	85.4605
677.0000	85.5123
676.9000	85.6555
676.8000	85.4285
676.7000	85.5578
676.6000	85.7486
676.5000	85.5649
676.4000	85.7539
676.3000	85.7572
676.2000	85.389
676.1000	85.527
676.0000	85.4919
675.9000	85.1665
675.8000	85.3339
675.7000	85.1861
675.6000	84.7556
675.5000	84.8291
675.4000	84.5634
675.3000	84.2476
675.2000	84.1479
675.1000	83.8302
675.0000	83.5218
674.9000	83.71
674.8000	83.4661
674.7000	83.1041
674.6000	83.393
674.5000	83.1042
674.4000	82.6572
674.3000	82.7455
674.2000	82.3686
674.1000	81.8517
674.0000	82.0279
673.9000	81.4675
673.8000	81.0395
673.7000	81.3726
673.6000	80.8177
673.5000	80.5363
673.4000	80.7568
673.3000	80.1929
673.2000	80.0091
673.1000	80.1617
673.0000	79.4229
672.9000	79.3114
672.8000	79.3085
672.7000	78.5618
672.6000	78.4107
672.5000	78.466
672.4000	77.8404
672.3000	77.8033
672.2000	77.7348
672.1000	77.2088
672.0000	77.4599
671.9000	77.2282
671.8000	76.4945
671.7000	76.6
671.6000	76.374
671.5000	75.4284
671.4000	75.7254
671.3000	75.4768
671.2000	74.9295
671.1000	75.371
671.0000	75.0989
670.9000	74.7549
670.8000	75.1236
670.7000	74.7887
670.6000	74.4271
670.5000	74.7897
670.4000	74.2292
670.3000	74.0156
670.2000	74.3756
670.1000	73.8459
670.0000	73.6644
669.9000	74.0498
669.8000	73.5894
669.7000	73.5914
669.6000	74.022
669.5000	73.4135
669.4000	73.5464
669.3000	73.8756
669.2000	73.4306
669.1000	73.5117
669.0000	73.7339
668.9000	73.2275
668.8000	73.3631
668.7000	73.5323
668.6000	73.0141
668.5000	73.1029
668.4000	73.3326
668.3000	72.9383
668.2000	73.2908
668.1000	73.4664
668.0000	73.0588
667.9000	73.7445
667.8000	73.8696
667.7000	73.5331
667.6000	74.2429
667.5000	74.4035
667.4000	74.3049
667.3000	74.8846
667.2000	74.8062
667.1000	74.6112
667.0000	75.3958
666.9000	75.0053
666.8000	74.9224
666.7000	75.6067
666.6000	75.1963
666.5000	75.453
666.4000	76.1349
666.3000	75.7574
666.2000	76.2279
666.1000	76.7947
666.0000	76.4421
665.9000	77.1024
665.8000	77.4516
665.7000	77.2695
665.6000	77.9995
665.5000	78.1386
665.4000	78.0097
665.3000	78.7927
665.2000	79.0469
665.1000	78.9106
665.0000	79.7611
664.9000	79.7336
664.8000	79.7756
664.7000	80.443
664.6000	80.1985
664.5000	80.4884
664.4000	80.9878
664.3000	80.6978
664.2000	81.1618
664.1000	81.6186
664.0000	81.3553
663.9000	81.8519
663.8000	82.2038
663.7000	81.9817
663.6000	82.6297
663.5000	82.781
663.4000	82.8314
663.3000	83.5212
663.2000	83.4781
663.1000	83.491
663.0000	84.106
662.9000	84.0391
662.8000	84.1105
662.7000	84.5681
662.6000	84.3808
662.5000	84.5683
662.4000	84.867
662.3000	84.6214
662.2000	84.9455
662.1000	85.0597
662.0000	84.8726
661.9000	85.3084
661.8000	85.1608
661.7000	85.0979
661.6000	85.4006
661.5000	85.2542
661.4000	85.2784
661.3000	85.424
661.2000	85.0195
661.1000	85.3716
661.0000	85.2238
660.9000	85.0174
660.8000	85.2288
660.7000	85.0175
660.6000	84.8599
660.5000	85.0639
660.4000	84.6202
660.3000	84.5794
660.2000	84.6702
660.1000	84.1439
660.0000	84.2137
659.9000	84.1455
659.8000	83.5874
659.7000	83.8675
659.6000	83.5105
659.5000	83.0645
659.4000	83.3949
659.3000	82.878
659.2000	82.7014
659.1000	82.8071
659.0000	82.1142
658.9000	82.2149
658.8000	82.0967
658.7000	81.3797
658.6000	81.5988
658.5000	81.2914
658.4000	80.7327
658.3000	81.0347
658.2000	80.4646
658.1000	79.9477
658.0000	80.139
657.9000	79.4151
657.8000	79.1973
657.7000	79.2763
657.6000	78.4533
657.5000	78.5473
657.4000	78.5027
657.3000	77.9042
657.2000	78.1116
657.1000	77.7453
657.0000	77.2515
656.9000	77.6602
656.8000	77.0054
656.7000	76.4895
656.6000	76.8464
656.5000	76.1182
656.4000	75.9385
656.3000	75.9869
656.2000	75.14
656.1000	75.2725
656.0000	75.1834
655.9000	74.3972
655.8000	74.733
655.7000	74.4407
655.6000	73.9021
655.5000	74.5384
655.4000	73.8934
655.3000	73.6867
655.2000	74.1543
655.1000	73.4845
655.0000	73.6911
654.9000	73.8487
654.8000	73.094
654.7000	73.6709
654.6000	73.5075
654.5000	72.9793
654.4000	73.6228
654.3000	73.0659
654.2000	72.9142
654.1000	73.4971
654.0000	72.7506
653.9000	73.1221
653.8000	73.3281
653.7000	72.6967
653.6000	73.5071
653.5000	73.3144
653.4000	72.8798
653.3000	73.6109
653.2000	73.1644
653.1000	73.1239
653.0000	73.6807
652.9000	73.1062
652.8000	73.5905
652.7000	73.7917
652.6000	73.3028
652.5000	74.2002
652.4000	73.8826
652.3000	73.8039
652.2000	74.66
652.1000	74.238
652.0000	74.5607
651.9000	75.1948
651.8000	74.7481
651.7000	75.3874
651.6000	75.6243
651.5000	75.2783
651.4000	76.1865
651.3000	76.0141
651.2000	76.1394
651.1000	76.9
651.0000	76.5559
650.9000	77.0878
650.8000	77.4708
650.7000	77.1269
650.6000	77.8395
650.5000	77.948
650.4000	77.9005
650.3000	78.7155
650.2000	78.4625
650.1000	78.9451
650.0000	79.6809
649.9000	79.3167
649.8000	79.9956
649.7000	80.2404
649.6000	80.0123
649.5000	80.875
649.4000	80.7747
649.3000	80.9291
649.2000	81.7459
649.1000	81.4971
649.0000	82.0547
648.9000	82.4878
648.8000	82.3207
648.7000	82.9206
648.6000	82.8651
648.5000	82.8609
648.4000	83.4925
648.3000	83.2518
648.2000	83.5945
648.1000	83.9508
648.0000	83.7431
647.9000	84.2095
647.8000	84.291
647.7000	84.2093
647.6000	84.486
647.5000	84.2882
647.4000	84.4202
647.3000	84.7563
647.2000	84.4726
647.1000	84.8358
647.0000	84.8195
646.9000	84.6703
646.8000	84.8695
646.7000	84.6194
646.6000	84.6939
646.5000	84.8176
646.4000	84.4082
646.3000	84.7415
646.2000	84.5754
646.1000	84.4203
646.0000	84.566
645.9000	84.1339
645.8000	84.2865
645.7000	84.186
645.6000	83.7991
645.5000	84.0436
645.4000	83.7338
645.3000	83.4678
645.2000	83.6029
645.1000	83.0127
645.0000	83.0838
644.9000	82.862
644.8000	82.2362
644.7000	82.5315
644.6000	82.1498
644.5000	81.7731
644.4000	82.0255
644.3000	81.4783
644.2000	81.4973
644.1000	81.3333
644.0000	80.4701
643.9000	80.869
643.8000	80.3259
643.7000	79.7979
643.6000	79.9932
643.5000	79.1769
643.4000	79.3059
643.3000	79.1348
643.2000	78.3358
643.1000	78.5872
643.0000	77.9998
642.9000	77.6232
642.8000	77.9424
642.7000	77.1185
642.6000	77.166
642.5000	76.9746
642.4000	76.1805
642.3000	76.6393
642.2000	75.8018
642.1000	75.5438
642.0000	75.7485
641.9000	74.9903
641.8000	75.2991
641.7000	74.8754
641.6000	74.2799
641.5000	74.7994
641.4000	73.9574
641.3000	74.0149
641.2000	73.9289
641.1000	73.2974
641.0000	73.9137
640.9000	73.2858
640.8000	73.0455
640.7000	73.6261
640.6000	72.8079
640.5000	73.217
640.4000	73.0283
640.3000	72.504
640.2000	73.2079
640.1000	72.5297
640.0000	72.5605
639.9000	72.8777
639.8000	72.142
639.7000	72.7818
639.6000	72.4701
639.5000	72.2928
639.4000	72.958
639.3000	72.3653
639.2000	72.6997
639.1000	72.9859
639.0000	72.3791
638.9000	73.0589
638.8000	72.8077
638.7000	72.6938
638.6000	73.3712
638.5000	72.7938
638.4000	73.3356
638.3000	73.711
638.2000	73.2653
638.1000	74.1424
638.0000	73.9798
637.9000	73.9884
637.8000	74.6595
637.7000	74.1562
637.6000	74.7125
637.5000	75.0082
637.4000	74.5997
637.3000	75.4761
637.2000	75.3241
637.1000	75.5063
637.0000	76.1672
636.9000	75.7886
636.8000	76.5887
636.7000	76.6638
636.6000	76.7182
636.5000	77.5713
636.4000	77.3145
636.3000	77.8151
636.2000	78.2685
636.1000	78.0806
636.0000	78.9437
635.9000	78.7507
635.8000	78.9025
635.7000	79.6379
635.6000	79.4275
635.5000	80.0761
635.4000	80.2704
635.3000	80.1332
635.2000	80.9282
635.1000	80.7748
635.0000	81.149
634.9000	81.4971
634.8000	81.3493
634.7000	82.0501
634.6000	82.1208
634.5000	82.3314
634.4000	82.8673
634.3000	82.7473
634.2000	83.236
634.1000	83.3668
634.0000	83.3287
633.9000	83.6757
633.8000	83.5199
633.7000	83.6998
633.6000	84.0103
633.5000	83.9586
633.4000	84.3739
633.3000	84.3039
633.2000	84.4304
633.1000	84.668
633.0000	84.6524
632.9000	84.7666
632.8000	84.5626
632.7000	84.4485
632.6000	84.6614
632.5000	84.3825
632.4000	84.6408
632.3000	84.5084
632.2000	84.2959
632.1000	84.5112
632.0000	84.1099
631.9000	84.2927
631.8000	83.9877
631.7000	83.6844
631.6000	83.8656
631.5000	83.412
631.4000	83.3903
631.3000	83.3065
631.2000	82.723
631.1000	83.0069
631.0000	82.3804
630.9000	82.2151
630.8000	82.1371
630.7000	81.5048
630.6000	81.7689
630.5000	81.2074
630.4000	80.9178
630.3000	81.0541
630.2000	80.334
630.1000	80.5416
630.0000	80.1334
629.9000	79.7291
629.8000	79.8909
629.7000	79.0492
629.6000	79.0574
629.5000	78.7773
629.4000	78.1264
629.3000	78.3567
629.2000	77.6205
629.1000	77.4977
629.0000	77.5453
628.9000	76.7088
628.8000	76.9848
628.7000	76.324
628.6000	76.1137
628.5000	76.0299
628.4000	75.1913
628.3000	75.4672
628.2000	74.8671
628.1000	74.5817
628.0000	74.7323
627.9000	73.9585
627.8000	74.3492
627.7000	73.9254
627.6000	73.4938
627.5000	73.8405
627.4000	73.0327
627.3000	73.2882
627.2000	73.1274
627.1000	72.608
627.0000	73.0551
626.9000	72.3513
626.8000	72.5577
626.7000	72.6053
626.6000	71.9799
626.5000	72.5781
626.4000	71.9949
626.3000	72.1027
626.2000	72.3884
626.1000	71.8062
626.0000	72.4352
625.9000	72.0048
625.8000	71.8669
625.7000	72.2464
625.6000	71.5612
625.5000	72.123
625.4000	71.9372
625.3000	71.7647
625.2000	72.4935
625.1000	71.9867
625.0000	72.6046
624.9000	72.6295
624.8000	72.3303
624.7000	73.027
624.6000	72.5481
624.5000	73.1886
624.4000	73.33
624.3000	73.1584
624.2000	74.1133
624.1000	73.6723
624.0000	74.2797
623.9000	74.339
623.8000	74.1751
623.7000	74.9662
623.6000	74.5817
623.5000	75.1888
623.4000	75.4512
623.3000	75.3453
623.2000	76.201
623.1000	75.9376
623.0000	76.5972
622.9000	76.7439
622.8000	76.5993
622.7000	77.4492
622.6000	77.3067
622.5000	77.8787
622.4000	78.152
622.3000	78.2903
622.2000	79.1474
622.1000	78.8755
622.0000	79.4484
621.9000	79.6952
621.8000	79.5658
621.7000	80.3312
621.6000	80.1243
621.5000	80.6457
621.4000	80.8899
621.3000	80.9105
621.2000	81.5478
621.1000	81.4482
621.0000	82.0024
620.9000	82.1954
620.8000	82.1653
620.7000	82.7153
620.6000	82.5022
620.5000	82.8648
620.4000	82.9648
620.3000	83.0827
620.2000	83.5798
620.1000	83.4447
620.0000	83.8489
619.9000	83.7733
619.8000	83.7758
619.7000	83.9619
619.6000	83.8972
619.5000	84.0286
619.4000	83.9989
619.3000	84.1954
619.2000	84.3117
619.1000	84.1835
619.0000	84.3409
618.9000	83.8994
618.8000	84.0105
618.7000	83.8895
618.6000	83.6568
618.5000	83.8394
618.4000	83.4203
618.3000	83.4733
618.2000	83.2833
618.1000	82.9025
618.0000	82.9951
617.9000	82.3759
617.8000	82.5049
617.7000	82.2252
617.6000	81.8794
617.5000	81.9248
617.4000	81.3823
617.3000	81.4043
617.2000	81.1047
617.1000	80.6031
617.0000	80.682
616.9000	79.9854
616.8000	80.1318
616.7000	79.7553
616.6000	79.2826
616.5000	79.2596
616.4000	78.4735
616.3000	78.694
616.2000	78.2056
616.1000	77.774
616.0000	77.7883
615.9000	77.1686
615.8000	77.3234
615.7000	76.7785
615.6000	76.4156
615.5000	76.385
615.4000	75.5894
615.3000	75.7856
615.2000	75.0252
615.1000	74.9576
615.0000	74.8482
614.9000	74.3025
614.8000	74.5282
614.7000	73.7247
614.6000	73.9218
614.5000	73.5848
614.4000	73.1822
614.3000	73.3255
614.2000	72.5357
614.1000	72.7699
614.0000	72.3058
613.9000	72.3326
613.8000	72.3911
613.7000	71.8816
613.6000	72.2162
613.5000	71.8113
613.4000	72.011
613.3000	71.7572
613.2000	71.4293
613.1000	71.7596
613.0000	71.2319
612.9000	71.7872
612.8000	71.3932
612.7000	71.4599
612.6000	71.7197
612.5000	71.4588
612.4000	71.9817
612.3000	71.5304
612.2000	72.0406
612.1000	71.991
612.0000	72.0377
611.9000	72.4663
611.8000	71.9702
611.7000	72.6014
611.6000	72.3912
611.5000	72.6917
611.4000	73.022
611.3000	72.733
611.2000	73.4284
611.1000	73.2033
611.0000	73.7641
610.9000	73.866
610.8000	73.8822
610.7000	74.4747
610.6000	74.2859
610.5000	74.8983
610.4000	74.7749
610.3000	75.167
610.2000	75.66
610.1000	75.6532
610.0000	76.3992
609.9000	76.3125
609.8000	77.048
609.7000	77.1905
609.6000	77.3948
609.5000	77.8446
609.4000	77.9139
609.3000	78.4979
609.2000	78.3987
609.1000	78.853
609.0000	79.2679
608.9000	79.4029
608.8000	79.9838
608.7000	79.7668
608.6000	80.31
608.5000	80.6129
608.4000	80.8605
608.3000	81.2211
608.2000	81.2685
608.1000	81.882
608.0000	81.8362
607.9000	82.2294
607.8000	82.4059
607.7000	82.4811
607.6000	82.7308
607.5000	82.7455
607.4000	83.0893
607.3000	83.207
607.2000	83.3045
607.1000	83.442
607.0000	83.466
606.9000	83.7742
606.8000	83.6549
606.7000	83.8075
606.6000	83.6468
606.5000	83.8703
606.4000	83.7965
606.3000	83.7147
606.2000	83.6207
606.1000	83.4877
606.0000	83.5513
605.9000	83.2682
605.8000	83.2908
605.7000	83.14
605.6000	83.0137
605.5000	82.8996
605.4000	82.5515
605.3000	82.5996
605.2000	82.1583
605.1000	82.058
605.0000	81.6809
604.9000	81.3689
604.8000	81.2906
604.7000	80.6768
604.6000	80.639
604.5000	80.1387
604.4000	79.9569
604.3000	79.5822
604.2000	79.1542
604.1000	79.1312
604.0000	78.5561
603.9000	78.5212
603.8000	77.9484
603.7000	77.9369
603.6000	77.6285
603.5000	77.1893
603.4000	77.1382
603.3000	76.4717
603.2000	76.5471
603.1000	75.8252
603.0000	75.6133
602.9000	75.339
602.8000	74.776
602.7000	74.9192
602.6000	74.2667
602.5000	74.2789
602.4000	73.8871
602.3000	73.6803
602.2000	73.6158
602.1000	73.0727
602.0000	73.0998
601.9000	72.5001
601.8000	72.6477
601.7000	72.2272
601.6000	72.2227
601.5000	72.105
601.4000	71.9325
601.3000	72.0228
601.2000	71.4616
601.1000	71.612
601.0000	71.0615
600.9000	71.2812
600.8000	71.1045
600.7000	70.9423
600.6000	71.2605
600.5000	71.0227
600.4000	71.4349
600.3000	71.0751
600.2000	71.3216
600.1000	71.1924
600.0000	70.9828
599.9000	71.153
599.8000	70.8445
599.7000	71.2604
599.6000	71.0018
599.5000	71.477
599.4000	71.4172
599.3000	71.5505
599.2000	71.9774
599.1000	71.9259
599.0000	72.3599
598.9000	72.3017
598.8000	72.8484
598.7000	72.8922
598.6000	73.1401
598.5000	73.3114
598.4000	73.4373
598.3000	73.94
598.2000	73.9458
598.1000	74.5087
598.0000	74.6649
597.9000	75.1871
597.8000	75.3932
597.7000	75.6153
597.6000	76.0499
597.5000	76.1826
597.4000	76.7084
597.3000	76.8258
597.2000	77.4323
597.1000	77.6142
597.0000	78.1049
596.9000	78.396
596.8000	78.6535
596.7000	79.0602
596.6000	79.1874
596.5000	79.7387
596.4000	79.8794
596.3000	80.3613
596.2000	80.6346
596.1000	80.9568
596.0000	81.2277
595.9000	81.2495
595.8000	81.6549
595.7000	81.7323
595.6000	82.0986
595.5000	82.1494
595.4000	82.4144
595.3000	82.5936
595.2000	82.6397
595.1000	82.7674
595.0000	82.8631
594.9000	82.9799
594.8000	82.9513
594.7000	82.9329
594.6000	82.9816
594.5000	83.1041
594.4000	83.1257
594.3000	83.216
594.2000	83.2599
594.1000	83.2905
594.0000	83.3412
593.9000	83.2988
593.8000	83.1059
593.7000	82.8842
593.6000	82.6953
593.5000	82.3812
593.4000	82.2023
593.3000	81.8977
593.2000	81.7312
593.1000	81.4699
593.0000	81.283
592.9000	81.0799
592.8000	80.7354
592.7000	80.6033
592.6000	80.1755
592.5000	80.0027
592.4000	79.5819
592.3000	79.3098
592.2000	78.9396
592.1000	78.6264
592.0000	78.2544
591.9000	77.9333
591.8000	77.7788
591.7000	77.2398
591.6000	77.0479
591.5000	76.5547
591.4000	76.4171
591.3000	76.0404
591.2000	75.7454
591.1000	75.5167
591.0000	75.2515
590.9000	74.9937
590.8000	74.577
590.7000	74.4829
590.6000	73.9265
590.5000	73.7888
590.4000	73.2668
590.3000	73.1466
590.2000	72.8867
590.1000	72.5558
590.0000	72.3737
589.9000	72.0378
589.8000	72.1802
589.7000	71.6737
589.6000	71.6805
589.5000	71.306
589.4000	71.3835
589.3000	71.2732
589.2000	70.9294
589.1000	71.0771
589.0000	70.7976
588.9000	70.9776
588.8000	70.6037
588.7000	70.7968
588.6000	70.6691
588.5000	70.6492
588.4000	70.6853
588.3000	70.5136
588.2000	70.7995
588.1000	70.6543
588.0000	70.9289
587.9000	70.826
587.8000	71.1649
587.7000	71.0808
587.6000	71.3653
587.5000	71.4492
587.4000	71.4846
587.3000	71.7752
587.2000	71.6712
587.1000	72.0436
587.0000	72.1831
586.9000	72.5783
586.8000	72.7359
586.7000	73.0792
586.6000	73.3584
586.5000	73.5858
586.4000	73.8476
586.3000	73.9971
586.2000	74.3369
586.1000	74.5269
586.0000	74.9571
585.9000	75.2419
585.8000	75.6631
585.7000	76.0079
585.6000	76.5131
585.5000	76.8994
585.4000	77.2411
585.3000	77.6433
585.2000	77.8077
585.1000	78.229
585.0000	78.4788
584.9000	78.7845
584.8000	78.9778
584.7000	79.3819
584.6000	79.7202
584.5000	80.1299
584.4000	80.3744
584.3000	80.5716
584.2000	80.8087
584.1000	80.9943
584.0000	81.2659
583.9000	81.3831
583.8000	81.4963
583.7000	81.8005
583.6000	82.0562
583.5000	82.1669
583.4000	82.297
583.3000	82.4032
583.2000	82.519
583.1000	82.575
583.0000	82.6077
582.9000	82.639
582.8000	82.7804
582.7000	82.7597
582.6000	82.7902
582.5000	82.6128
582.4000	82.5871
582.3000	82.5545
582.2000	82.2867
582.1000	82.152
582.0000	81.9662
581.9000	81.9038
581.8000	81.7655
581.7000	81.6697
581.6000	81.5064
581.5000	81.2867
581.4000	81.1122
581.3000	80.8316
581.2000	80.4145
581.1000	80.1519
581.0000	79.8226
580.9000	79.5869
580.8000	79.3344
580.7000	78.9571
580.6000	78.6815
580.5000	78.2244
580.4000	77.968
580.3000	77.4882
580.2000	77.1529
580.1000	76.6881
580.0000	76.4966
579.9000	76.1274
579.8000	75.8157
579.7000	75.5027
579.6000	75.1615
579.5000	74.8272
579.4000	74.4598
579.3000	74.1983
579.2000	73.8474
579.1000	73.6506
579.0000	73.3031
578.9000	73.1028
578.8000	72.6801
578.7000	72.3862
578.6000	72.1018
578.5000	71.8545
578.4000	71.5938
578.3000	71.1941
578.2000	71.1057
578.1000	70.9836
578.0000	70.842
577.9000	70.6073
577.8000	70.6877
577.7000	70.593
577.6000	70.613
577.5000	70.4717
577.4000	70.5286
577.3000	70.3659
577.2000	70.2973
577.1000	70.288
577.0000	70.3003
576.9000	70.3637
576.8000	70.3313
576.7000	70.5786
576.6000	70.6279
576.5000	70.8249
576.4000	70.7932
576.3000	70.974
576.2000	71.0563
576.1000	71.1344
576.0000	71.306
575.9000	71.4234
575.8000	71.7094
575.7000	71.7948
575.6000	72.0542
575.5000	72.2636
575.4000	72.5308
575.3000	72.7566
575.2000	72.9782
575.1000	73.2844
575.0000	73.6169
574.9000	74.0427
574.8000	74.3566
574.7000	74.6857
574.6000	75.1424
574.5000	75.4453
574.4000	75.8739
574.3000	76.2322
574.2000	76.544
574.1000	76.9887
574.0000	77.317
573.9000	77.6651
573.8000	77.9448
573.7000	78.1795
573.6000	78.472
573.5000	78.7575
573.4000	79.0146
573.3000	79.3506
573.2000	79.6578
573.1000	80.1027
573.0000	80.2775
572.9000	80.6754
572.8000	80.9545
572.7000	81.2708
572.6000	81.3792
572.5000	81.6377
572.4000	81.7792
572.3000	82.1038
572.2000	82.0766
572.1000	82.366
572.0000	82.4236
571.9000	82.6178
571.8000	82.6721
571.7000	82.6736
571.6000	82.6795
571.5000	82.6014
571.4000	82.5448
571.3000	82.4577
571.2000	82.443
571.1000	82.3081
571.0000	82.1551
570.9000	82.1264
570.8000	82.0098
570.7000	81.7976
570.6000	81.6655
570.5000	81.4114
570.4000	81.2499
570.3000	80.8772
570.2000	80.66
570.1000	80.1436
570.0000	79.9628
569.9000	79.5519
569.8000	79.3674
569.7000	78.9819
569.6000	78.5745
569.5000	78.2171
569.4000	78.0837
569.3000	77.5276
569.2000	77.1937
569.1000	76.75
569.0000	76.4821
568.9000	76.0659
568.8000	75.7067
568.7000	75.2884
568.6000	75.09
568.5000	74.6224
568.4000	74.4035
568.3000	74.0312
568.2000	73.6561
568.1000	73.3591
568.0000	73.0862
567.9000	72.8156
567.8000	72.4464
567.7000	72.2794
567.6000	71.9088
567.5000	71.7929
567.4000	71.4381
567.3000	71.3583
567.2000	71.0121
567.1000	70.8533
567.0000	70.615
566.9000	70.5835
566.8000	70.3761
566.7000	70.3192
566.6000	70.1345
566.5000	70.2028
566.4000	70.0522
566.3000	70.0695
566.2000	70.0123
566.1000	70.1727
566.0000	70.0848
565.9000	70.1628
565.8000	70.1601
565.7000	70.3046
565.6000	70.3577
565.5000	70.4867
565.4000	70.5877
565.3000	70.8261
565.2000	71.0884
565.1000	71.2109
565.0000	71.332
564.9000	71.5785
564.8000	71.8444
564.7000	72.0205
564.6000	72.3557
564.5000	72.5464
564.4000	72.9335
564.3000	73.2227
564.2000	73.5854
564.1000	73.8214
564.0000	74.3097
563.9000	74.5275
563.8000	74.961
563.7000	75.2219
563.6000	75.7379
563.5000	75.9247
563.4000	76.4121
563.3000	76.6777
563.2000	77.2124
563.1000	77.3811
563.0000	77.8785
562.9000	78.1155
562.8000	78.6742
562.7000	78.9465
562.6000	79.3711
562.5000	79.6395
562.4000	80.1286
562.3000	80.3157
562.2000	80.6227
562.1000	80.7755
562.0000	81.0875
561.9000	81.1843
561.8000	81.4865
561.7000	81.5998
561.6000	81.9162
561.5000	81.9467
561.4000	82.1849
561.3000	82.3062
561.2000	82.4522
561.1000	82.4585
561.0000	82.5913
560.9000	82.3712
560.8000	82.432
560.7000	82.3028
560.6000	82.3043
560.5000	81.9926
560.4000	81.8668
560.3000	81.667
560.2000	81.6653
560.1000	81.2915
560.0000	81.1995
559.9000	80.9462
559.8000	80.9366
559.7000	80.6302
559.6000	80.4808
559.5000	80.0974
559.4000	80.0632
559.3000	79.6362
559.2000	79.3979
559.1000	78.7384
559.0000	78.4857
558.9000	77.9808
558.8000	77.7571
558.7000	77.1984
558.6000	76.8838
558.5000	76.4294
558.4000	76.176
558.3000	75.6137
558.2000	75.3991
558.1000	74.8661
558.0000	74.6633
557.9000	74.2251
557.8000	73.9718
557.7000	73.4711
557.6000	73.4726
557.5000	72.9297
557.4000	72.7694
557.3000	72.3224
557.2000	72.2243
557.1000	71.8016
557.0000	71.7512
556.9000	71.2353
556.8000	71.2037
556.7000	70.8835
556.6000	70.8975
556.5000	70.6213
556.4000	70.6092
556.3000	70.3807
556.2000	70.4447
556.1000	70.209
556.0000	70.301
555.9000	70.1012
555.8000	70.1469
555.7000	69.9756
555.6000	69.9934
555.5000	69.9299
555.4000	70.0068
555.3000	70.1234
555.2000	70.2132
555.1000	70.4342
555.0000	70.662
554.9000	70.9018
554.8000	71.0888
554.7000	71.2924
554.6000	71.5418
554.5000	71.7752
554.4000	71.8881
554.3000	72.2196
554.2000	72.476
554.1000	72.8823
554.0000	73.1741
553.9000	73.73
553.8000	73.9672
553.7000	74.535
553.6000	74.6646
553.5000	75.1473
553.4000	75.2366
553.3000	75.7987
553.2000	75.8876
553.1000	76.3475
553.0000	76.6221
552.9000	77.1755
552.8000	77.4262
552.7000	77.9224
552.6000	78.1279
552.5000	78.6249
552.4000	78.8382
552.3000	79.4104
552.2000	79.5802
552.1000	79.9221
552.0000	80.1292
551.9000	80.4816
551.8000	80.7549
551.7000	81.0407
551.6000	81.3
551.5000	81.5599
551.4000	81.7953
551.3000	81.9376
551.2000	82.0723
551.1000	82.0825
551.0000	82.1997
550.9000	82.1876
550.8000	82.307
550.7000	82.1866
550.6000	82.2945
550.5000	82.1691
550.4000	82.0268
550.3000	81.8459
550.2000	81.7598
550.1000	81.5052
550.0000	81.3054
549.9000	81.1039
549.8000	80.8249
549.7000	80.5814
549.6000	80.2881
549.5000	80.1417
549.4000	79.5675
549.3000	79.2714
549.2000	78.8523
549.1000	78.6879
549.0000	78.1508
548.9000	77.9153
548.8000	77.4517
548.7000	77.2986
548.6000	76.7298
548.5000	76.5063
548.4000	75.8669
548.3000	75.6791
548.2000	75.0662
548.1000	74.8478
548.0000	74.4917
547.9000	74.2419
547.8000	73.7854
547.7000	73.4011
547.6000	72.973
547.5000	72.6073
547.4000	72.3205
547.3000	71.9393
547.2000	71.6564
547.1000	71.2987
547.0000	71.3471
546.9000	70.9239
546.8000	70.8771
546.7000	70.4757
546.6000	70.5677
546.5000	70.2141
546.4000	70.2694
546.3000	69.9524
546.2000	70.2274
546.1000	69.7718
546.0000	69.8709
545.9000	69.7512
545.8000	69.9796
545.7000	69.854
545.6000	69.968
545.5000	70.0093
545.4000	70.1788
545.3000	70.24
545.2000	70.2872
545.1000	70.6064
545.0000	70.5791
544.9000	70.9573
544.8000	70.9948
544.7000	71.431
544.6000	71.5223
544.5000	72.0148
544.4000	72.1621
544.3000	72.7481
544.2000	72.8325
544.1000	73.4285
544.0000	73.522
543.9000	74.018
543.8000	74.2807
543.7000	74.7039
543.6000	75.1368
543.5000	75.4592
543.4000	75.899
543.3000	76.2178
543.2000	76.8281
543.1000	76.9475
543.0000	77.5255
542.9000	77.7325
542.8000	78.3431
542.7000	78.3652
542.6000	78.8835
542.5000	79.2306
542.4000	79.6366
542.3000	80.0612
542.2000	80.3209
542.1000	80.6648
542.0000	80.8866
541.9000	81.1112
541.8000	81.1968
541.7000	81.419
541.6000	81.494
541.5000	81.7769
541.4000	81.8573
541.3000	82.0425
541.2000	81.9143
541.1000	81.9642
541.0000	82.0011
540.9000	81.9178
540.8000	81.9073
540.7000	81.6253
540.6000	81.5976
540.5000	81.4826
540.4000	81.4002
540.3000	81.0844
540.2000	80.8845
540.1000	80.5634
540.0000	80.3696
539.9000	80.1313
539.8000	79.7826
539.7000	79.6219
539.6000	79.1864
539.5000	78.9659
539.4000	78.5191
539.3000	78.2765
539.2000	77.6616
539.1000	77.2806
539.0000	76.7374
538.9000	76.4773
538.8000	76.0379
538.7000	75.6359
538.6000	75.1355
538.5000	74.7084
538.4000	74.4921
538.3000	73.9286
538.2000	73.7589
538.1000	73.0741
538.0000	73.0599
537.9000	72.4999
537.8000	72.3835
537.7000	71.9842
537.6000	71.8085
537.5000	71.5258
537.4000	71.2404
537.3000	71.1102
537.2000	70.7808
537.1000	70.7141
537.0000	70.3118
536.9000	70.4124
536.8000	69.9986
536.7000	70.0912
536.6000	69.769
536.5000	69.8378
536.4000	69.6367
536.3000	69.6336
536.2000	69.7687
536.1000	69.7323
536.0000	70.0555
535.9000	69.9531
535.8000	70.334
535.7000	70.2258
535.6000	70.7071
535.5000	70.7063
535.4000	71.0283
535.3000	71.1084
535.2000	71.4833
535.1000	71.6794
535.0000	71.9367
534.9000	72.2619
534.8000	72.5104
534.7000	72.9782
534.6000	73.0602
534.5000	73.6166
534.4000	73.8086
534.3000	74.4378
534.2000	74.7733
534.1000	75.3026
534.0000	75.7772
533.9000	76.4048
533.8000	76.8117
533.7000	77.0775
533.6000	77.6275
533.5000	77.7324
533.4000	78.2032
533.3000	78.4382
533.2000	78.9088
533.1000	79.1506
533.0000	79.5583
532.9000	79.8222
532.8000	80.225
532.7000	80.5307
532.6000	80.706
532.5000	81.0726
532.4000	81.2369
532.3000	81.5283
532.2000	81.6258
532.1000	81.8236
532.0000	81.8586
531.9000	81.7848
531.8000	81.8441
531.7000	81.8065
531.6000	81.8753
531.5000	81.7277
531.4000	81.7475
531.3000	81.7217
531.2000	81.4983
531.1000	81.3525
531.0000	81.1409
530.9000	81.0427
530.8000	80.7315
530.7000	80.5213
530.6000	80.2261
530.5000	80.0167
530.4000	79.7225
530.3000	79.2499
530.2000	78.9591
530.1000	78.4252
530.0000	78.2402
529.9000	77.6929
529.8000	77.4437
529.7000	76.7876
529.6000	76.4742
529.5000	75.9493
529.4000	75.5527
529.3000	75.1603
529.2000	74.5843
529.1000	74.3399
529.0000	73.7742
528.9000	73.5911
528.8000	73.0092
528.7000	72.7343
528.6000	72.2423
528.5000	71.8636
528.4000	71.73
528.3000	71.314
528.2000	71.3244
528.1000	70.9333
528.0000	70.9394
527.9000	70.6177
527.8000	70.6224
527.7000	70.3017
527.6000	70.1795
527.5000	70.1626
527.4000	70.026
527.3000	70.1433
527.2000	69.8458
527.1000	70.0501
527.0000	69.794
526.9000	70.0134
526.8000	69.9438
526.7000	70.074
526.6000	70.2209
526.5000	70.309
526.4000	70.6455
526.3000	70.686
526.2000	71.0563
526.1000	71.2268
526.0000	71.7043
525.9000	71.9789
525.8000	72.3386
525.7000	72.6716
525.6000	73.0651
525.5000	73.5636
525.4000	73.7414
525.3000	74.2041
525.2000	74.4065
525.1000	74.8363
525.0000	75.1233
524.9000	75.517
524.8000	76.0719
524.7000	76.4483
524.6000	76.982
524.5000	77.3588
524.4000	77.9439
524.3000	78.372
524.2000	78.6997
524.1000	79.0164
524.0000	79.2237
523.9000	79.6358
523.8000	79.8939
523.7000	80.1099
523.6000	80.4095
523.5000	80.6523
523.4000	80.9238
523.3000	81.1339
523.2000	81.3415
523.1000	81.5187
523.0000	81.6586
522.9000	81.5685
522.8000	81.6024
522.7000	81.6959
522.6000	81.6554
522.5000	81.5943
522.4000	81.5084
522.3000	81.4238
522.2000	81.4639
522.1000	81.1808
522.0000	81.0338
521.9000	80.7941
521.8000	80.4084
521.7000	80.1899
521.6000	79.7767
521.5000	79.4659
521.4000	79.1351
521.3000	78.7569
521.2000	78.4922
521.1000	78.0305
521.0000	77.7154
520.9000	77.2231
520.8000	76.8433
520.7000	76.4137
520.6000	75.8223
520.5000	75.5652
520.4000	74.9379
520.3000	74.6438
520.2000	74.1527
520.1000	73.7025
520.0000	73.6189
519.9000	73.1415
519.8000	72.9506
519.7000	72.418
519.6000	72.1766
519.5000	71.9603
519.4000	71.4626
519.3000	71.218
519.2000	70.7369
519.1000	70.7411
519.0000	70.3613
518.9000	70.1324
518.8000	69.8846
518.7000	69.8135
518.6000	69.864
518.5000	69.689
518.4000	69.7865
518.3000	69.6998
518.2000	69.9498
518.1000	69.9731
518.0000	70.022
517.9000	70.2913
517.8000	70.2278
517.7000	70.5226
517.6000	70.6
517.5000	70.8411
517.4000	71.1449
517.3000	71.265
517.2000	71.7662
517.1000	71.8482
517.0000	72.337
516.9000	72.6021
516.8000	72.9241
516.7000	73.4352
516.6000	73.7574
516.5000	74.4219
516.4000	74.7223
516.3000	75.2431
516.2000	75.7228
516.1000	76.1353
516.0000	76.7033
515.9000	76.965
515.8000	77.3626
515.7000	77.802
515.6000	78.2995
515.5000	78.8122
515.4000	79.1455
515.3000	79.6549
515.2000	80.0035
515.1000	80.3631
515.0000	80.5882
514.9000	80.7707
514.8000	80.9616
514.7000	81.1316
514.6000	81.2828
514.5000	81.5135
514.4000	81.6704
514.3000	81.6932
514.2000	81.7851
514.1000	81.8066
514.0000	81.8841
513.9000	81.8212
513.8000	81.809
513.7000	81.5631
513.6000	81.3978
513.5000	81.2669
513.4000	81.0068
513.3000	80.7756
513.2000	80.5339
513.1000	80.3604
513.0000	80.0248
512.9000	79.6537
512.8000	79.3504
512.7000	78.9665
512.6000	78.4415
512.5000	78.0777
512.4000	77.4474
512.3000	77.1037
512.2000	76.6574
512.1000	76.2576
512.0000	75.9003
511.9000	75.3325
511.8000	75.0046
511.7000	74.4321
511.6000	73.9583
511.5000	73.5077
511.4000	72.9408
511.3000	72.663
511.2000	72.2604
511.1000	71.9115
511.0000	71.718
510.9000	71.4181
510.8000	71.3072
510.7000	71.081
510.6000	70.8503
510.5000	70.764
510.4000	70.5305
510.3000	70.3269
510.2000	70.0953
510.1000	70.0367
510.0000	70.0576
509.9000	69.8568
509.8000	69.8975
509.7000	69.8627
509.6000	70.1914
509.5000	70.4028
509.4000	70.3699
509.3000	70.7225
509.2000	71.0234
509.1000	71.3122
509.0000	71.5721
508.9000	71.6726
508.8000	71.963
508.7000	72.4234
508.6000	72.7574
508.5000	73.0621
508.4000	73.5188
508.3000	73.9643
508.2000	74.4395
508.1000	74.8628
508.0000	75.337
507.9000	75.817
507.8000	76.354
507.7000	76.8346
507.6000	77.2714
507.5000	77.6264
507.4000	78.071
507.3000	78.4691
507.2000	78.8032
507.1000	79.1943
507.0000	79.4306
506.9000	79.6819
506.8000	80.1189
506.7000	80.3752
506.6000	80.6679
506.5000	80.8941
506.4000	81.2301
506.3000	81.6667
506.2000	81.8371
506.1000	81.8447
506.0000	81.9461
505.9000	81.8463
505.8000	81.7265
505.7000	81.5704
505.6000	81.4761
505.5000	81.319
505.4000	81.1332
505.3000	80.9439
505.2000	80.8234
505.1000	80.5115
505.0000	80.2466
504.9000	80.0147
504.8000	79.7743
504.7000	79.5096
504.6000	79.0098
504.5000	78.7206
504.4000	78.3521
504.3000	77.7578
504.2000	77.287
504.1000	76.7368
504.0000	76.3515
503.9000	75.8783
503.8000	75.1929
503.7000	74.8498
503.6000	74.4403
503.5000	73.9767
503.4000	73.5372
503.3000	73.1056
503.2000	72.8456
503.1000	72.5474
503.0000	72.136
502.9000	71.9719
502.8000	71.6415
502.7000	71.4305
502.6000	71.2605
502.5000	71.0027
502.4000	70.7841
502.3000	70.537
502.2000	70.3941
502.1000	70.3208
502.0000	70.2252
501.9000	70.0863
501.8000	70.206
501.7000	70.3102
501.6000	70.3716
501.5000	70.7233
501.4000	70.7448
501.3000	70.9165
501.2000	71.275
501.1000	71.3781
501.0000	71.6569
500.9000	71.8024
500.8000	72.1877
500.7000	72.6047
500.6000	72.8688
500.5000	73.1962
500.4000	73.6065
500.3000	74.1023
500.2000	74.5276
500.1000	75.0329
500.0000	75.4497
499.9000	75.9402
499.8000	76.533
499.7000	77.0329
499.6000	77.635
499.5000	77.9988
499.4000	78.4963
499.3000	78.8923
499.2000	79.3237
499.1000	79.8486
499.0000	80.1555
498.9000	80.4856
498.8000	80.727
498.7000	81.0013
498.6000	81.2323
498.5000	81.2511
498.4000	81.3047
498.3000	81.3709
498.2000	81.4661
498.1000	81.4511
498.0000	81.4179
497.9000	81.3933
497.8000	81.466
497.7000	81.4134
497.6000	81.1577
497.5000	80.9782
497.4000	80.8006
497.3000	80.6254
497.2000	80.2804
497.1000	79.8431
497.0000	79.4339
496.9000	79.0735
496.8000	78.6683
496.7000	78.3075
496.6000	77.8068
496.5000	77.3723
496.4000	77.0244
496.3000	76.7273
496.2000	76.3095
496.1000	75.7893
496.0000	75.3937
495.9000	75.0048
495.8000	74.2749
495.7000	73.8347
495.6000	73.4223
495.5000	72.8892
495.4000	72.5016
495.3000	72.1776
495.2000	71.9331
495.1000	71.848
495.0000	71.4472
494.9000	71.1472
494.8000	71.0755
494.7000	70.8018
494.6000	70.7037
494.5000	70.6058
494.4000	70.5285
494.3000	70.4779
494.2000	70.4473
494.1000	70.4118
494.0000	70.5028
493.9000	70.6718
493.8000	70.6871
493.7000	70.9207
493.6000	70.9946
493.5000	71.2643
493.4000	71.5382
493.3000	71.7433
493.2000	72.0666
493.1000	72.4352
493.0000	72.7445
492.9000	73.1563
492.8000	73.6595
492.7000	74.0086
492.6000	74.4809
492.5000	74.939
492.4000	75.5
492.3000	76.0689
492.2000	76.4981
492.1000	76.9812
492.0000	77.5519
491.9000	78.066
491.8000	78.3492
491.7000	78.7865
491.6000	79.2283
491.5000	79.6854
491.4000	80.1452
491.3000	80.3053
491.2000	80.5344
491.1000	80.8718
491.0000	81.0655
490.9000	81.1317
490.8000	81.1406
490.7000	81.2711
490.6000	81.4568
490.5000	81.5037
490.4000	81.5883
490.3000	81.5395
490.2000	81.4569
490.1000	81.3586
490.0000	81.3123
489.9000	81.1387
489.8000	80.8994
489.7000	80.3124
489.6000	80.1732
489.5000	79.8326
489.4000	79.287
489.3000	78.7407
489.2000	78.3861
489.1000	78.1137
489.0000	77.6336
488.9000	77.1487
488.8000	76.6908
488.7000	76.3801
488.6000	75.9316
488.5000	75.2353
488.4000	74.7351
488.3000	74.2744
488.2000	73.8699
488.1000	73.4541
488.0000	72.9599
487.9000	72.5803
487.8000	72.252
487.7000	71.7997
487.6000	71.4844
487.5000	71.2502
487.4000	70.9114
487.3000	70.7877
487.2000	70.6752
487.1000	70.6681
487.0000	70.5106
486.9000	70.4841
486.8000	70.4633
486.7000	70.4628
486.6000	70.4993
486.5000	70.5785
486.4000	70.6042
486.3000	70.742
486.2000	70.9683
486.1000	71.178
486.0000	71.4969
485.9000	71.64
485.8000	72.0142
485.7000	72.4866
485.6000	72.8358
485.5000	73.2154
485.4000	73.5845
485.3000	74.1047
485.2000	74.6934
485.1000	75.2572
485.0000	75.68
484.9000	76.3207
484.8000	76.9223
484.7000	77.3888
484.6000	77.7817
484.5000	78.2126
484.4000	78.6916
484.3000	78.934
484.2000	79.3399
484.1000	79.7066
484.0000	80.0205
483.9000	80.5167
483.8000	80.589
483.7000	80.9111
483.6000	81.1472
483.5000	81.4365
483.4000	81.5463
483.3000	81.6472
483.2000	81.6685
483.1000	81.6679
483.0000	81.597
482.9000	81.4981
482.8000	81.3749
482.7000	81.1947
482.6000	81.0263
482.5000	80.7933
482.4000	80.4456
482.3000	80.2044
482.2000	79.6657
482.1000	79.28
482.0000	78.9169
481.9000	78.448
481.8000	77.9233
481.7000	77.6053
481.6000	77.1112
481.5000	76.5707
481.4000	76.1634
481.3000	75.5618
481.2000	75.001
481.1000	74.6016
481.0000	74.1814
480.9000	73.6998
480.8000	73.2087
480.7000	72.857
480.6000	72.4777
480.5000	72.1375
480.4000	71.8937
480.3000	71.4584
480.2000	71.2595
480.1000	71.0713
480.0000	70.7843
479.9000	70.573
479.8000	70.4148
479.7000	70.2566
479.6000	70.1812
479.5000	70.3449
479.4000	70.3478
479.3000	70.4143
479.2000	70.7796
479.1000	71.0644
479.0000	71.3177
478.9000	71.6178
478.8000	71.9372
478.7000	72.2537
478.6000	72.6666
478.5000	72.9964
478.4000	73.3336
478.3000	73.9007
478.2000	74.2911
478.1000	74.6822
478.0000	75.1325
477.9000	75.7947
477.8000	76.2166
477.7000	76.7214
477.6000	77.2374
477.5000	77.6517
477.4000	78.1751
477.3000	78.5164
477.2000	78.8739
477.1000	79.3023
477.0000	79.6708
476.9000	80.161
476.8000	80.5226
476.7000	80.7841
476.6000	81.185
476.5000	81.2698
476.4000	81.3948
476.3000	81.4974
476.2000	81.4973
476.1000	81.567
476.0000	81.4348
475.9000	81.4246
475.8000	81.2448
475.7000	81.1521
475.6000	80.9771
475.5000	80.661
475.4000	80.2556
475.3000	79.9792
475.2000	79.6792
475.1000	79.2819
475.0000	78.6687
474.9000	78.3127
474.8000	77.706
474.7000	77.1918
474.6000	76.6266
474.5000	76.0309
474.4000	75.6854
474.3000	75.2532
474.2000	74.8086
474.1000	74.349
474.0000	73.8272
473.9000	73.3972
473.8000	72.7214
473.7000	72.2935
473.6000	71.9516
473.5000	71.6105
473.4000	71.3457
473.3000	71.2404
473.2000	71.1017
473.1000	70.8517
473.0000	70.7081
472.9000	70.6617
472.8000	70.6148
472.7000	70.5368
472.6000	70.5809
472.5000	70.6253
472.4000	70.7391
472.3000	70.9909
472.2000	71.1341
472.1000	71.3749
472.0000	71.7436
471.9000	72.1901
471.8000	72.4966
471.7000	72.672
471.6000	73.0646
471.5000	73.5705
471.4000	73.9228
471.3000	74.3662
471.2000	74.8011
471.1000	75.4463
471.0000	76.0884
470.9000	76.6634
470.8000	77.271
470.7000	77.6557
470.6000	78.0815
470.5000	78.5399
470.4000	78.9066
470.3000	79.0852
470.2000	79.4549
470.1000	79.8193
470.0000	80.1543
469.9000	80.486
469.8000	80.7909
469.7000	81.0772
469.6000	81.2318
469.5000	81.317
469.4000	81.4657
469.3000	81.5127
469.2000	81.3265
469.1000	81.1204
469.0000	80.8775
468.9000	80.672
468.8000	80.3255
468.7000	80.0146
468.6000	79.58
468.5000	79.2186
468.4000	78.7699
468.3000	78.4113
468.2000	78.0822
468.1000	77.7065
468.0000	77.058
467.9000	76.5403
467.8000	76.1389
467.7000	75.5595
467.6000	75.0378
467.5000	74.4801
467.4000	73.9911
467.3000	73.6117
467.2000	73.1292
467.1000	72.5541
467.0000	72.1591
466.9000	71.9187
466.8000	71.6539
466.7000	71.3498
466.6000	71.1119
466.5000	70.9574
466.4000	70.7824
466.3000	70.5247
466.2000	70.3533
466.1000	70.4007
466.0000	70.3541
465.9000	70.3465
465.8000	70.5296
465.7000	70.7084
465.6000	70.9868
465.5000	71.1545
465.4000	71.404
465.3000	71.6902
465.2000	72.1021
465.1000	72.6562
465.0000	73.2381
464.9000	73.6329
464.8000	74.1522
464.7000	74.7087
464.6000	75.1781
464.5000	75.6339
464.4000	76.2261
464.3000	76.7238
464.2000	77.1271
464.1000	77.6589
464.0000	78.1969
463.9000	78.7216
463.8000	79.0457
463.7000	79.3922
463.6000	79.9242
463.5000	80.2191
463.4000	80.5204
463.3000	80.6435
463.2000	80.7743
463.1000	80.9025
463.0000	81.0454
462.9000	81.145
462.8000	81.2027
462.7000	81.1638
462.6000	81.1554
462.5000	80.9236
462.4000	80.5706
462.3000	80.2142
462.2000	79.6136
462.1000	79.1691
462.0000	78.4802
461.9000	78.2609
461.8000	77.8323
461.7000	77.2306
461.6000	76.8445
461.5000	76.4147
461.4000	75.9951
461.3000	75.4038
461.2000	74.9338
461.1000	74.4034
461.0000	73.986
460.9000	73.4349
460.8000	72.9103
460.7000	72.5573
460.6000	72.0344
460.5000	71.6163
460.4000	71.3526
460.3000	71.1027
460.2000	70.8258
460.1000	70.525
460.0000	70.3463
459.9000	70.3635
459.8000	70.2315
459.7000	70.107
459.6000	70.1658
459.5000	70.4145
459.4000	70.6491
459.3000	70.7234
459.2000	70.9998
459.1000	71.2264
459.0000	71.5776
458.9000	71.8447
458.8000	72.2402
458.7000	72.6722
458.6000	73.1228
458.5000	73.6678
458.4000	74.2522
458.3000	74.8618
458.2000	75.3588
458.1000	75.9208
458.0000	76.4787
457.9000	77.0957
457.8000	77.5419
457.7000	78.0015
457.6000	78.5124
457.5000	78.912
457.4000	79.2923
457.3000	79.5688
457.2000	79.9404
457.1000	80.3439
457.0000	80.6346
456.9000	80.722
456.8000	80.7932
456.7000	80.9435
456.6000	80.8669
456.5000	80.662
456.4000	80.4807
456.3000	80.3316
456.2000	80.0962
456.1000	79.7224
456.0000	79.4339
455.9000	79.1298
455.8000	78.6858
455.7000	78.1811
455.6000	77.7398
455.5000	77.2505
455.4000	76.7203
455.3000	76.1453
455.2000	75.6154
455.1000	74.9661
455.0000	74.4192
454.9000	73.8618
454.8000	73.2793
454.7000	72.8067
454.6000	72.2576
454.5000	71.7412
454.4000	71.3598
454.3000	71.0318
454.2000	70.666
454.1000	70.3106
454.0000	70.1522
453.9000	70.043
453.8000	69.9223
453.7000	69.9124
453.6000	69.8008
453.5000	69.8729
453.4000	70.0099
453.3000	70.0777
453.2000	70.2703
453.1000	70.5753
453.0000	70.9234
452.9000	71.326
452.8000	71.6751
452.7000	71.9773
452.6000	72.5822
452.5000	73.1774
452.4000	73.7304
452.3000	74.2555
452.2000	74.9641
452.1000	75.5938
452.0000	76.1627
451.9000	76.6353
451.8000	77.1362
451.7000	77.6562
451.6000	78.0906
451.5000	78.5068
451.4000	78.9703
451.3000	79.4595
451.2000	79.8666
451.1000	80.0546
451.0000	80.4074
450.9000	80.508
450.8000	80.4866
450.7000	80.4865
450.6000	80.5253
450.5000	80.3871
450.4000	80.172
450.3000	80.0296
450.2000	79.8187
450.1000	79.4299
450.0000	79.0474
449.9000	78.5324
449.8000	77.9783
449.7000	77.4619
449.6000	76.9604
449.5000	76.4234
449.4000	75.8253
449.3000	75.2612
449.2000	74.9175
449.1000	74.2052
449.0000	73.5975
448.9000	72.9935
448.8000	72.3687
448.7000	71.9723
448.6000	71.3591
448.5000	70.8269
448.4000	70.4067
448.3000	70.1984
448.2000	70.028
448.1000	69.8382
448.0000	69.7811
447.9000	69.6856
447.8000	69.6758
447.7000	69.7314
447.6000	69.8437
447.5000	69.9509
447.4000	70.0816
447.3000	70.5456
447.2000	70.8741
447.1000	71.2369
447.0000	71.6579
446.9000	72.0914
446.8000	72.5426
446.7000	73.0567
446.6000	73.4692
446.5000	73.9104
446.4000	74.4755
446.3000	75.0654
446.2000	75.6554
446.1000	76.1685
446.0000	76.6437
445.9000	77.3779
445.8000	77.9309
445.7000	78.3147
445.6000	78.7548
445.5000	79.0412
445.4000	79.4259
445.3000	79.5407
445.2000	79.6571
445.1000	79.7298
445.0000	79.745
444.9000	79.7983
444.8000	79.803
444.7000	79.6738
444.6000	79.5081
444.5000	79.3546
444.4000	78.998
444.3000	78.6536
444.2000	78.1214
444.1000	77.5566
444.0000	76.9546
443.9000	76.3406
443.8000	75.7199
443.7000	75.1151
443.6000	74.5082
443.5000	73.9726
443.4000	73.3704
443.3000	72.9197
443.2000	72.2574
443.1000	71.7702
443.0000	71.2565
442.9000	70.8523
442.8000	70.4957
442.7000	69.999
442.6000	69.7242
442.5000	69.5159
442.4000	69.4809
442.3000	69.5206
442.2000	69.33
442.1000	69.4738
442.0000	69.6793
441.9000	69.8936
441.8000	70.0319
441.7000	70.2376
441.6000	70.4992
441.5000	70.8898
441.4000	71.2335
441.3000	71.5986
441.2000	72.0174
441.1000	72.4072
441.0000	72.8507
440.9000	73.401
440.8000	74.0474
440.7000	74.8074
440.6000	75.504
440.5000	76.222
440.4000	76.9029
440.3000	77.3128
440.2000	77.8114
440.1000	78.1606
440.0000	78.4013
439.9000	78.726
439.8000	79.0393
439.7000	79.2844
439.6000	79.5656
439.5000	79.7176
439.4000	79.7153
439.3000	79.544
439.2000	79.6283
439.1000	79.3744
439.0000	79.0071
438.9000	78.4492
438.8000	77.9544
438.7000	77.5622
438.6000	76.9755
438.5000	76.3039
438.4000	75.8106
438.3000	75.3086
438.2000	74.7098
438.1000	74.0195
438.0000	73.4439
437.9000	72.8878
437.8000	72.3255
437.7000	71.7644
437.6000	71.2105
437.5000	70.888
437.4000	70.5558
437.3000	70.3269
437.2000	70.0216
437.1000	69.4717
437.0000	69.1788
436.9000	68.9125
436.8000	68.7606
436.7000	68.4315
436.6000	68.3485
436.5000	68.5004
436.4000	68.636
436.3000	68.845
436.2000	69.2245
436.1000	69.7106
436.0000	70.0867
435.9000	70.4044
435.8000	70.9678
435.7000	71.5255
435.6000	72.1432
435.5000	72.7256
435.4000	73.3176
435.3000	74.0209
435.2000	74.699
435.1000	75.3418
435.0000	75.9206
434.9000	76.2651
434.8000	76.6012
434.7000	77.0268
434.6000	77.4
434.5000	77.6975
434.4000	77.8487
434.3000	78.0956
434.2000	78.3337
434.1000	78.3834
434.0000	78.3622
433.9000	78.1393
433.8000	77.8642
433.7000	77.8052
433.6000	77.559
433.5000	77.1828
433.4000	76.7679
433.3000	76.3509
433.2000	75.9361
433.1000	75.3372
433.0000	74.6922
432.9000	74.0877
432.8000	73.4352
432.7000	72.8043
432.6000	72.2255
432.5000	71.6055
432.4000	71.0439
432.3000	70.4192
432.2000	69.8302
432.1000	69.4796
432.0000	69.1455
431.9000	68.8365
431.8000	68.5475
431.7000	68.2759
431.6000	68.2269
431.5000	68.109
431.4000	68.0825
431.3000	68.2415
431.2000	68.4122
431.1000	68.5733
431.0000	68.8566
430.9000	69.1117
430.8000	69.5737
430.7000	70.0722
430.6000	70.5053
430.5000	71.2087
430.4000	71.6598
430.3000	72.2645
430.2000	72.9193
430.1000	73.5992
430.0000	74.1383
429.9000	74.6222
429.8000	75.0788
429.7000	75.7083
429.6000	76.1657
429.5000	76.4692
429.4000	76.8764
429.3000	77.299
429.2000	77.8687
429.1000	78.009
429.0000	78.1373
428.9000	78.1457
428.8000	78.0173
428.7000	77.9602
428.6000	77.4299
428.5000	77.1249
428.4000	76.6482
428.3000	76.2869
428.2000	75.9318
428.1000	75.2932
428.0000	74.6874
427.9000	74.1707
427.8000	73.602
427.7000	72.9467
427.6000	72.2544
427.5000	71.5877
427.4000	71.1408
427.3000	70.5044
427.2000	69.8549
427.1000	69.2358
427.0000	68.7618
426.9000	68.4127
426.8000	67.9621
426.7000	67.6607
426.6000	67.4948
426.5000	67.3532
426.4000	67.2995
426.3000	67.2418
426.2000	67.2646
426.1000	67.5741
426.0000	67.7214
425.9000	68.0823
425.8000	68.5058
425.7000	68.8722
425.6000	69.5846
425.5000	70.0098
425.4000	70.6228
425.3000	71.2097
425.2000	71.9436
425.1000	72.554
425.0000	73.1271
424.9000	73.6375
424.8000	74.1718
424.7000	74.8086
424.6000	75.2881
424.5000	75.7948
424.4000	76.2661
424.3000	76.6859
424.2000	76.973
424.1000	77.0463
424.0000	77.0345
423.9000	77.0512
423.8000	76.9173
423.7000	76.6821
423.6000	76.4701
423.5000	76.2462
423.4000	76.0255
423.3000	75.6371
423.2000	74.8586
423.1000	74.3659
423.0000	73.6322
422.9000	72.8984
422.8000	72.3115
422.7000	71.5667
422.6000	70.8521
422.5000	70.1
422.4000	69.4202
422.3000	68.6646
422.2000	68.1461
422.1000	67.6325
422.0000	67.3361
421.9000	67.0659
421.8000	66.7885
421.7000	66.571
421.6000	66.4028
421.5000	66.4045
421.4000	66.4326
421.3000	66.4559
421.2000	66.7903
421.1000	67.0389
421.0000	67.5574
420.9000	68.0494
420.8000	68.4928
420.7000	69.1084
420.6000	69.7319
420.5000	70.3423
420.4000	70.9725
420.3000	71.5579
420.2000	72.1506
420.1000	72.8902
420.0000	73.6499
419.9000	74.3145
419.8000	74.7557
419.7000	75.3204
419.6000	75.4946
419.5000	75.7313
419.4000	76.1038
419.3000	76.1562
419.2000	76.3576
419.1000	76.2918
419.0000	76.3198
418.9000	76.0631
418.8000	75.7805
418.7000	75.4401
418.6000	74.9462
418.5000	74.1677
418.4000	73.4581
418.3000	72.8495
418.2000	72.2373
418.1000	71.4041
418.0000	70.8104
417.9000	70.2548
417.8000	69.6639
417.7000	69.0462
417.6000	68.4249
417.5000	67.7254
417.4000	67.0521
417.3000	66.5912
417.2000	66.3749
417.1000	66.1987
417.0000	66.0056
416.9000	66.1266
416.8000	66.1603
416.7000	66.327
416.6000	66.5411
416.5000	66.7125
416.4000	66.9797
416.3000	67.4712
416.2000	67.9363
416.1000	68.4833
416.0000	69.0252
415.9000	69.493
415.8000	70.1665
415.7000	70.7578
415.6000	71.586
415.5000	72.1273
415.4000	72.7213
415.3000	73.2471
415.2000	73.7933
415.1000	74.3819
415.0000	74.4818
414.9000	74.6881
414.8000	75.1144
414.7000	75.4754
414.6000	75.4411
414.5000	75.2725
414.4000	75.0337
414.3000	74.9399
414.2000	74.4623
414.1000	74.0171
414.0000	73.4718
413.9000	72.9164
413.8000	72.4038
413.7000	71.756
413.6000	70.7898
413.5000	70.1426
413.4000	69.3236
413.3000	68.8699
413.2000	68.3009
413.1000	67.6892
413.0000	67.1948
412.9000	66.7192
412.8000	66.2232
412.7000	65.8008
412.6000	65.42
412.5000	65.1432
412.4000	65.0572
412.3000	65.1703
412.2000	65.2424
412.1000	65.4756
412.0000	65.7573
411.9000	66.1305
411.8000	66.7102
411.7000	67.2145
411.6000	67.847
411.5000	68.4748
411.4000	69.1089
411.3000	70.0005
411.2000	70.6938
411.1000	71.3639
411.0000	72.1174
410.9000	72.5729
410.8000	73.0582
410.7000	73.5611
410.6000	73.9113
410.5000	74.0603
410.4000	74.2533
410.3000	74.454
410.2000	74.4803
410.1000	74.3202
410.0000	74.052
409.9000	73.7553
409.8000	73.5615
409.7000	72.9499
409.6000	72.3687
409.5000	71.893
409.4000	71.169
409.3000	70.4972
409.2000	69.6482
409.1000	68.8404
409.0000	68.0403
408.9000	67.3678
408.8000	66.6201
408.7000	66.1243
408.6000	65.5782
408.5000	65.2162
408.4000	64.8461
408.3000	64.5638
408.2000	64.6959
408.1000	64.7168
408.0000	64.7412
407.9000	64.7332
407.8000	65.2206
407.7000	65.5172
407.6000	66.0187
407.5000	66.4549
407.4000	67.004
407.3000	67.6119
407.2000	68.1708
407.1000	68.8808
407.0000	69.5084
406.9000	70.0402
406.8000	70.5077
406.7000	71.1908
406.6000	71.7681
406.5000	72.2635
406.4000	72.7302
406.3000	73.0538
406.2000	73.4248
406.1000	73.5038
406.0000	73.4511
405.9000	73.3233
405.8000	72.94
405.7000	72.4789
405.6000	72.216
405.5000	71.7061
405.4000	71.145
405.3000	70.4692
405.2000	70.0171
405.1000	69.3007
405.0000	68.4367
404.9000	67.513
404.8000	66.6884
404.7000	66.2615
404.6000	65.3964
404.5000	64.675
404.4000	64.3381
404.3000	63.8952
404.2000	63.9216
404.1000	63.8035
404.0000	63.6862
403.9000	63.808
403.8000	64.1339
403.7000	64.4313
403.6000	64.9096
403.5000	65.22
403.4000	65.6076
403.3000	66.2684
403.2000	66.8266
403.1000	67.37
403.0000	68.1957
402.9000	68.7835
402.8000	69.3739
402.7000	70.0141
402.6000	70.549
402.5000	70.999
402.4000	71.4687
402.3000	71.9513
402.2000	72.1664
402.1000	72.2914
402.0000	72.2453
401.9000	71.9604
401.8000	71.9145
401.7000	71.4428
401.6000	71.0548
401.5000	70.4685
401.4000	69.956
401.3000	69.3469
401.2000	68.5024
401.1000	67.6237
401.0000	66.9863
400.9000	66.3108
400.8000	65.731
400.7000	65.0382
400.6000	64.4781
400.5000	64.0638
400.4000	63.4974
400.3000	63.1612
400.2000	62.7601
400.1000	62.7623
400.0000	62.8649
399.9000	63.0282
399.8000	63.3302
399.7000	63.792
399.6000	64.3046
399.5000	64.8896
399.4000	65.467
399.3000	66.1683
399.2000	66.8689
399.1000	67.7744
399.0000	68.4999
398.9000	69.0217
398.8000	69.8051
398.7000	70.3022
398.6000	70.5364
398.5000	70.864
398.4000	70.9326
398.3000	71.1434
398.2000	70.9967
398.1000	70.9336
398.0000	70.6189
397.9000	69.9957
397.8000	69.5785
397.7000	69.0003
397.6000	68.216
397.5000	67.3613
397.4000	66.664
397.3000	65.8809
397.2000	65.1436
397.1000	64.4639
397.0000	63.9252
396.9000	63.3976
396.8000	62.6951
396.7000	62.4986
396.6000	62.3403
396.5000	62.134
396.4000	61.9521
396.3000	61.8224
396.2000	62.0178
396.1000	62.5735
396.0000	62.8204
395.9000	63.4258
395.8000	63.8739
395.7000	64.5294
395.6000	65.2849
395.5000	65.8853
395.4000	66.4212
395.3000	66.9494
395.2000	67.622
395.1000	68.2777
395.0000	68.6812
394.9000	68.9826
394.8000	69.0974
394.7000	69.2856
394.6000	69.2611
394.5000	69.2851
394.4000	69.1019
394.3000	68.8793
394.2000	68.5963
394.1000	68.1636
394.0000	67.6185
393.9000	66.8908
393.8000	66.0082
393.7000	65.1107
393.6000	64.1873
393.5000	63.337
393.4000	62.5505
393.3000	61.9314
393.2000	61.566
393.1000	61.0704
393.0000	60.9138
392.9000	60.8848
392.8000	60.9888
392.7000	61.0185
392.6000	61.2081
392.5000	61.4739
392.4000	61.8554
392.3000	62.3123
392.2000	62.9265
392.1000	63.6028
392.0000	64.3521
391.9000	65.1678
391.8000	65.6295
391.7000	66.4676
391.6000	67.0406
391.5000	67.3875
391.4000	67.722
391.3000	67.9065
391.2000	68.1935
391.1000	68.0876
391.0000	67.96
390.9000	67.617
390.8000	67.3413
390.7000	66.7916
390.6000	66.0421
390.5000	65.3622
390.4000	64.6869
390.3000	63.9118
390.2000	63.0829
390.1000	62.3701
390.0000	61.6407
389.9000	61.1841
389.8000	60.6834
389.7000	60.2437
389.6000	60.0782
389.5000	60.0174
389.4000	60.004
389.3000	60.1155
389.2000	60.2608
389.1000	60.5871
389.0000	60.9576
388.9000	61.3683
388.8000	62.1067
388.7000	62.7503
388.6000	63.2986
388.5000	64.1347
388.4000	64.9353
388.3000	65.5846
388.2000	66.0101
388.1000	66.4268
388.0000	66.577
387.9000	66.533
387.8000	66.3404
387.7000	66.1816
387.6000	65.8535
387.5000	65.4896
387.4000	64.9244
387.3000	64.3282
387.2000	63.6591
387.1000	62.6299
387.0000	61.9822
386.9000	61.1653
386.8000	60.4114
386.7000	59.7405
386.6000	59.3157
386.5000	58.8577
386.4000	58.6043
386.3000	58.4195
386.2000	58.4243
386.1000	58.5433
386.0000	59.0311
385.9000	59.4683
385.8000	60.0938
385.7000	60.7301
385.6000	61.3202
385.5000	62.0911
385.4000	62.7556
385.3000	63.234
385.2000	63.8049
385.1000	64.1653
385.0000	64.6234
384.9000	65.1069
384.8000	65.3513
384.7000	65.4918
384.6000	65.0766
384.5000	64.6791
384.4000	64.2064
384.3000	63.6001
384.2000	62.6144
384.1000	61.7379
384.0000	61.0823
383.9000	60.5243
383.8000	59.8391
383.7000	59.0641
383.6000	58.5234
383.5000	58.0546
383.4000	57.6293
383.3000	57.3414
383.2000	57.2935
383.1000	57.4303
383.0000	57.6408
382.9000	57.881
382.8000	58.6154
382.7000	59.2531
382.6000	59.8543
382.5000	60.5333
382.4000	61.4598
382.3000	61.9317
382.2000	62.5779
382.1000	62.7475
382.0000	63.001
381.9000	63.0281
381.8000	63.1091
381.7000	63.0356
381.6000	62.8852
381.5000	62.3097
381.4000	61.6422
381.3000	61.2454
381.2000	60.4626
381.1000	59.5045
381.0000	58.4894
380.9000	57.8326
380.8000	57.2385
380.7000	56.5684
380.6000	56.1491
380.5000	55.8953
380.4000	55.9173
380.3000	56.0214
380.2000	56.3931
380.1000	57.0102
380.0000	57.589
379.9000	58.1244
379.8000	58.8004
379.7000	59.3061
379.6000	59.7684
379.5000	60.3551
379.4000	60.666
379.3000	60.9456
379.2000	61.2065
379.1000	61.3422
379.0000	61.1387
378.9000	60.7149
378.8000	60.2551
378.7000	59.6124
378.6000	59.1511
378.5000	58.4829
378.4000	57.7006
378.3000	57.0847
378.2000	56.3736
378.1000	55.8647
378.0000	55.4133
377.9000	54.8988
377.8000	54.8667
377.7000	54.7498
377.6000	54.8172
377.5000	55.1933
377.4000	55.6754
377.3000	56.2619
377.2000	56.8053
377.1000	57.5061
377.0000	58.069
376.9000	58.5453
376.8000	58.7755
376.7000	58.9145
376.6000	58.8843
376.5000	58.8351
376.4000	58.3039
376.3000	57.9721
376.2000	57.5877
376.1000	56.8265
376.0000	56.3294
375.9000	55.5338
375.8000	54.7859
375.7000	54.2644
375.6000	53.4949
375.5000	53.0057
375.4000	52.7393
375.3000	52.4402
375.2000	52.7673
375.1000	52.9001
375.0000	53.4235
374.9000	53.9031
374.8000	54.5731
374.7000	55.16
374.6000	55.7025
374.5000	56.0125
374.4000	56.3441
374.3000	56.4757
374.2000	56.2032
374.1000	55.86
374.0000	55.3396
373.9000	54.7911
373.8000	54.051
373.7000	53.2305
373.6000	52.3283
373.5000	51.5588
373.4000	50.8692
373.3000	50.2422
373.2000	49.9304
373.1000	49.7846
373.0000	49.6938
372.9000	49.784
372.8000	50.3259
372.7000	50.7656
372.6000	51.2165
372.5000	51.6707
372.4000	51.8795
372.3000	52.1587
372.2000	51.9356
372.1000	51.4243
372.0000	50.9704
371.9000	50.3275
371.8000	49.4972
371.7000	48.7711
371.6000	47.8722
371.5000	47.0872
371.4000	46.2958
371.3000	45.7204
371.2000	45.1933
371.1000	44.7109
371.0000	44.4033
370.9000	44.4809
370.8000	44.676
370.7000	44.5365
370.6000	44.373
370.5000	44.3258
370.4000	44.1018
370.3000	43.504
370.2000	42.6976
370.1000	41.985
370.0000	40.3892
369.9000	39.6857
369.8000	38.6575
369.7000	37.6853
369.6000	36.8109
369.5000	36.1376
369.4000	35.6758
369.3000	34.9847
369.2000	34.6611
369.1000	34.0597
369.0000	33.6474
368.9000	32.9638
368.8000	32.1598
368.7000	31.1766
368.6000	30.2694
368.5000	29.3113
368.4000	28.1548
368.3000	27.1218
368.2000	25.9877
368.1000	25.0459
368.0000	24.1904
367.9000	23.207
367.8000	22.1032
367.7000	21.2988
367.6000	20.3721
367.5000	19.3633
367.4000	18.3411
367.3000	17.3809
367.2000	16.3655
367.1000	15.2
367.0000	14.1274
366.9000	13.0913
366.8000	12.1171
366.7000	11.04
366.6000	10.1879
366.5000	9.28889
366.4000	8.48654
366.3000	7.71758
366.2000	6.99837
366.1000	6.21728
366.0000	5.50876
365.9000	4.87692
365.8000	4.26509
365.7000	3.76121
365.6000	3.16162
365.5000	2.75207
365.4000	2.38471
365.3000	1.99081
365.2000	1.69258
365.1000	1.37721
365.0000	1.17143
364.9000	0.975419
364.8000	0.815562
364.7000	0.658687
364.6000	0.540632
364.5000	0.429334
364.4000	0.320921
364.3000	0.258644
364.2000	0.238119
364.1000	0.188887
364.0000	0.17321
363.9000	0.180422
363.8000	0.185161
363.7000	0.183911
363.6000	0.168783
363.5000	0.172677
363.4000	0.139514
363.3000	0.148812
363.2000	0.133499
363.1000	0.136246
363.0000	0.119313
362.9000	0.101998
362.8000	0.0875322
362.7000	0.0958466
362.6000	0.085411
362.5000	0.0748522
362.4000	0.0491474
362.3000	0.0703148
362.2000	0.0626133
362.1000	0.0570349
362.0000	0.0700221
361.9000	0.0627971
361.8000	0.0812405
361.7000	0.0773428
361.6000	0.0587045
361.5000	0.0333869
361.4000	0.00916231
361.3000	0.0133106
361.2000	0.00330129
361.1000	0.0310905
361.0000	0.0272421
360.9000	0.0505595
360.8000	0.0459803
360.7000	0.0559066
360.6000	0.0709
360.5000	0.0818666
360.4000	0.0676366
360.3000	0.0676355
360.2000	0.0707955
360.1000	0.102754
360.0000	0.113386
359.9000	0.0866523
359.8000	0.108588
359.7000	0.154869
359.6000	0.15494
359.5000	0.154348
359.4000	0.125226
359.3000	0.12634
359.2000	0.113757
359.1000	0.0953403
359.0000	0.074574
358.9000	0.0768304
358.8000	0.0768508
358.7000	0.0726828
358.6000	0.122437
358.5000	0.120307
358.4000	0.108871
358.3000	0.0987221
358.2000	0.12517
358.1000	0.118333
358.0000	0.0852389
357.9000	0.0901333
357.8000	0.0867154
357.7000	0.0641532
357.6000	0.0661829
357.5000	0.0883266
357.4000	0.0946881
357.3000	0.113095
357.2000	0.10436
357.1000	0.123229
357.0000	0.101548
356.9000	0.0864285
356.8000	0.107279
356.7000	0.0909772
356.6000	0.0840865
356.5000	0.0652797
356.4000	0.0903419
356.3000	0.0893332
356.2000	0.0819605
356.1000	0.0643578
356.0000	0.064484
355.9000	0.0672273
355.8000	0.0462502
355.7000	0.0654725
355.6000	0.0677788
355.5000	0.0726756
355.4000	0.0601227
355.3000	0.0687124
355.2000	0.0747456
355.1000	0.0920295
355.0000	0.0898581
354.9000	0.0925414
354.8000	0.0887329
354.7000	0.0898265
354.6000	0.095487
354.5000	0.0784071
354.4000	0.078874
354.3000	0.0903745
354.2000	0.0942462
354.1000	0.119877
354.0000	0.0723035
353.9000	0.0944789
353.8000	0.072337
353.7000	0.0763156
353.6000	0.0586291
353.5000	0.0830554
353.4000	0.0554372
353.3000	0.0589491
353.2000	0.060856
353.1000	0.0646834
353.0000	0.088129
352.9000	0.102186
352.8000	0.104658
352.7000	0.121463
352.6000	0.108255
352.5000	0.107921
352.4000	0.116744
352.3000	0.121869
352.2000	0.113246
352.1000	0.137924
352.0000	0.126147
351.9000	0.151734
351.8000	0.130774
351.7000	0.101553
351.6000	0.0861926
351.5000	0.0858026
351.4000	0.0557072
351.3000	0.0317655
351.2000	0.0405558
351.1000	0.0575204
351.0000	0.0816785
350.9000	0.0835422
350.8000	0.0776292
350.7000	0.0863519
350.6000	0.0990343
350.5000	0.082756
350.4000	0.0846306
350.3000	0.067049
350.2000	0.075532
350.1000	0.0722538
350.0000	0.0872805
