850.0000	77.924
849.9000	78.5522
849.8000	78.1418
849.7000	76.7797
849.6000	77.1181
849.5000	78.7667
849.4000	79.1949
849.3000	78.0441
849.2000	77.1917
849.1000	78.2628
849.0000	79.6231
848.9000	79.1734
848.8000	77.7663
848.7000	77.5645
848.6000	78.4867
848.5000	79.7737
848.4000	78.8607
848.3000	77.9621
848.2000	78.1212
848.1000	79.7398
848.0000	80.3748
847.9000	79.4158
847.8000	79.1394
847.7000	79.6121
847.6000	81.1526
847.5000	81.5139
847.4000	80.4169
847.3000	80.1591
847.2000	81.6474
847.1000	82.8921
847.0000	82.6133
846.9000	81.6664
846.8000	81.9145
846.7000	83.3383
846.6000	83.6652
846.5000	82.8008
846.4000	81.8276
846.3000	82.5157
846.2000	83.7929
846.1000	83.5709
846.0000	82.2026
845.9000	81.671
845.8000	82.2196
845.7000	83.0454
845.6000	82.4419
845.5000	81.4314
845.4000	82.2006
845.3000	83.6422
845.2000	84.212
845.1000	83.0487
845.0000	82.4293
844.9000	83.601
844.8000	84.35
844.7000	84.1635
844.6000	83.1066
844.5000	83.1991
844.4000	84.708
844.3000	85.2066
844.2000	84.3735
844.1000	83.589
844.0000	83.7484
843.9000	84.8644
843.8000	84.8784
843.7000	83.6273
843.6000	83.7452
843.5000	84.5429
843.4000	85.9719
843.3000	85.2799
843.2000	84.2521
843.1000	84.6788
843.0000	86.0136
842.9000	85.9096
842.8000	84.6227
842.7000	83.5733
842.6000	84.6714
842.5000	85.5949
842.4000	84.7423
842.3000	83.5613
842.2000	83.6391
842.1000	84.5361
842.0000	85.081
841.9000	83.9852
841.8000	82.8329
841.7000	83.5456
841.6000	84.945
841.5000	84.7581
841.4000	83.3427
841.3000	83.2549
841.2000	84.5159
841.1000	85.362
841.0000	84.4352
840.9000	83.5734
840.8000	84.2436
840.7000	85.6899
840.6000	85.3278
840.5000	83.9656
840.4000	83.7781
840.3000	84.6252
840.2000	85.331
840.1000	84.0647
840.0000	82.7523
839.9000	82.792
839.8000	84.5314
839.7000	84.2053
839.6000	82.8969
839.5000	82.0655
839.4000	82.9161
839.3000	83.7851
839.2000	82.5696
839.1000	81.5054
839.0000	81.4112
838.9000	82.7033
838.8000	82.9272
838.7000	81.8913
838.6000	81.2745
838.5000	82.4044
838.4000	83.1886
838.3000	82.8339
838.2000	81.2405
838.1000	80.9315
838.0000	81.99
837.9000	82.1769
837.8000	80.6712
837.7000	79.7176
837.6000	80.5634
837.5000	81.61
837.4000	81.0816
837.3000	79.0903
837.2000	79.3698
837.1000	80.7665
837.0000	80.8816
836.9000	79.5563
836.8000	78.5574
836.7000	79.5472
836.6000	80.5768
836.5000	79.7459
836.4000	78.6
836.3000	78.5841
836.2000	79.6443
836.1000	79.7167
836.0000	78.1177
835.9000	77.2442
835.8000	77.6274
835.7000	78.6894
835.6000	78.0715
835.5000	76.6452
835.4000	77.2624
835.3000	78.1082
835.2000	78.4404
835.1000	77.0188
835.0000	75.9596
834.9000	76.6244
834.8000	77.2371
834.7000	76.6292
834.6000	75.2664
834.5000	75.3088
834.4000	76.5991
834.3000	76.7036
834.2000	75.5988
834.1000	74.5037
834.0000	75.3079
833.9000	75.9163
833.8000	75.3853
833.7000	74.1581
833.6000	73.9123
833.5000	75.3415
833.4000	75.7264
833.3000	74.7091
833.2000	73.8493
833.1000	74.6373
833.0000	75.3734
832.9000	75.1549
832.8000	73.7809
832.7000	73.5238
832.6000	74.4975
832.5000	75.0597
832.4000	73.8917
832.3000	72.717
832.2000	73.2257
832.1000	74.6603
832.0000	75.0427
831.9000	73.6621
831.8000	73.1762
831.7000	74.3199
831.6000	75.154
831.5000	73.9428
831.4000	72.5596
831.3000	72.6622
831.2000	73.7376
831.1000	74.0709
831.0000	72.654
830.9000	72.1471
830.8000	72.9676
830.7000	74.0917
830.6000	73.6167
830.5000	72.3343
830.4000	72.4708
830.3000	73.6923
830.2000	74.0463
830.1000	72.8816
830.0000	71.758
829.9000	72.6012
829.8000	73.3905
829.7000	72.8061
829.6000	71.8334
829.5000	71.9608
829.4000	73.3753
829.3000	73.8028
829.2000	72.9737
829.1000	72.1386
829.0000	72.7061
828.9000	73.4674
828.8000	72.8734
828.7000	71.6305
828.6000	71.8402
828.5000	73.1269
828.4000	73.302
828.3000	72.407
828.2000	71.883
828.1000	73.1491
828.0000	73.9998
827.9000	73.5422
827.8000	72.6996
827.7000	72.9051
827.6000	74.3811
827.5000	74.5256
827.4000	73.3575
827.3000	72.7634
827.2000	73.5805
827.1000	74.6186
827.0000	73.7598
826.9000	72.3857
826.8000	72.7345
826.7000	74.132
826.6000	74.5709
826.5000	73.5166
826.4000	72.9249
826.3000	74.1049
826.2000	74.9118
826.1000	74.1008
826.0000	73.3903
825.9000	73.8002
825.8000	75.2082
825.7000	75.5736
825.6000	74.6333
825.5000	74.3963
825.4000	75.3523
825.3000	76.3325
825.2000	75.8163
825.1000	74.7995
825.0000	75.3379
824.9000	76.5001
824.8000	76.7993
824.7000	75.5341
824.6000	75.1718
824.5000	76.3747
824.4000	77.5496
824.3000	77.0359
824.2000	76.0209
824.1000	76.7662
824.0000	78.2741
823.9000	78.4074
823.8000	77.1203
823.7000	76.9391
823.6000	78.1736
823.5000	78.8385
823.4000	77.8276
823.3000	77.2525
823.2000	78.1602
823.1000	79.4475
823.0000	79.3542
822.9000	78.1988
822.8000	78.2689
822.7000	79.3971
822.6000	79.9504
822.5000	79.0698
822.4000	78.8715
822.3000	79.5639
822.2000	80.9226
822.1000	81.0237
822.0000	79.8377
821.9000	80.0342
821.8000	81.007
821.7000	81.5726
821.6000	81.0864
821.5000	80.5001
821.4000	81.3258
821.3000	82.4746
821.2000	82.1589
821.1000	81.0869
821.0000	81.4265
820.9000	82.7344
820.8000	82.6173
820.7000	81.5577
820.6000	81.167
820.5000	82.3845
820.4000	82.9633
820.3000	82.2549
820.2000	81.7934
820.1000	82.8774
820.0000	84.0688
819.9000	83.7715
819.8000	83.009
819.7000	83.1572
819.6000	84.2492
819.5000	83.9855
819.4000	82.9674
819.3000	82.6981
819.2000	83.3484
819.1000	84.0951
819.0000	83.183
818.9000	82.8326
818.8000	83.7581
818.7000	84.5576
818.6000	84.1974
818.5000	83.4404
818.4000	84.3046
818.3000	85.3688
818.2000	84.998
818.1000	84.0995
818.0000	84.4018
817.9000	85.2604
817.8000	85.3535
817.7000	84.0511
817.6000	84.0815
817.5000	85.1667
817.4000	85.3564
817.3000	84.2891
817.2000	83.9196
817.1000	84.7465
817.0000	85.7661
816.9000	84.9725
816.8000	84.0432
816.7000	84.7233
816.6000	85.5541
816.5000	85.4377
816.4000	84.0518
816.3000	83.8329
816.2000	84.6532
816.1000	84.8042
816.0000	83.767
815.9000	83.1381
815.8000	83.8631
815.7000	84.9704
815.6000	84.2409
815.5000	83.4286
815.4000	83.6906
815.3000	84.6843
815.2000	84.4773
815.1000	83.3157
815.0000	82.8959
814.9000	83.8307
814.8000	83.7277
814.7000	82.4829
814.6000	82.0347
814.5000	83.0018
814.4000	83.6392
814.3000	82.8796
814.2000	81.9472
814.1000	83.0577
814.0000	83.8706
813.9000	83.4512
813.8000	82.2148
813.7000	82.3641
813.6000	83.4539
813.5000	83.038
813.4000	81.9162
813.3000	81.5714
813.2000	82.27
813.1000	82.7166
813.0000	81.3998
812.9000	80.5689
812.8000	81.0344
812.7000	81.6766
812.6000	80.9881
812.5000	79.9557
812.4000	80.1357
812.3000	81.0093
812.2000	80.8954
812.1000	79.4347
812.0000	78.8946
811.9000	79.8115
811.8000	79.8432
811.7000	78.9018
811.6000	77.8543
811.5000	78.0923
811.4000	78.8909
811.3000	78.3156
811.2000	77.1979
811.1000	77.3878
811.0000	78.5302
810.9000	78.8144
810.8000	77.7056
810.7000	77.1687
810.6000	77.5278
810.5000	78.1736
810.4000	76.9508
810.3000	75.9256
810.2000	76.3046
810.1000	77.2017
810.0000	76.4566
809.9000	75.5011
809.8000	76.0061
809.7000	76.9788
809.6000	76.8002
809.5000	75.5433
809.4000	75.7619
809.3000	76.7913
809.2000	76.601
809.1000	75.1917
809.0000	74.7249
808.9000	75.4813
808.8000	75.8079
808.7000	74.3534
808.6000	73.9622
808.5000	74.8273
808.4000	75.3994
808.3000	74.4319
808.2000	73.4452
808.1000	74.1094
808.0000	74.9611
807.9000	74.2939
807.8000	73.4088
807.7000	73.763
807.6000	74.5628
807.5000	74.2849
807.4000	73.1964
807.3000	72.9212
807.2000	74.1554
807.1000	74.2384
807.0000	73.3434
806.9000	72.9227
806.8000	73.8064
806.7000	74.186
806.6000	73.1449
806.5000	72.2275
806.4000	72.7266
806.3000	73.6149
806.2000	72.9606
806.1000	71.9839
806.0000	72.288
805.9000	73.6596
805.8000	73.1469
805.7000	72.2198
805.6000	72.3884
805.5000	73.2352
805.4000	73.1594
805.3000	72.1135
805.2000	72.0217
805.1000	73.171
805.0000	73.6569
804.9000	72.4921
804.8000	71.9176
804.7000	72.9316
804.6000	73.4645
804.5000	72.6387
804.4000	71.8826
804.3000	72.7509
804.2000	73.6593
804.1000	73.3299
804.0000	72.2159
803.9000	73.1209
803.8000	73.7798
803.7000	73.4239
803.6000	72.2221
803.5000	72.2346
803.4000	73.3335
803.3000	73.387
803.2000	72.3459
803.1000	72.4485
803.0000	73.5941
802.9000	73.996
802.8000	73.2668
802.7000	72.9039
802.6000	73.8695
802.5000	74.5098
802.4000	73.7709
802.3000	73.4865
802.2000	74.0104
802.1000	75.1827
802.0000	74.6332
801.9000	74.1491
801.8000	74.6545
801.7000	75.6948
801.6000	75.2235
801.5000	74.2531
801.4000	74.2431
801.3000	75.4255
801.2000	75.5478
801.1000	74.5197
801.0000	74.5329
800.9000	75.7431
800.8000	76.2797
800.7000	75.1268
800.6000	74.7776
800.5000	76.0095
800.4000	77.0556
800.3000	76.2883
800.2000	75.9987
800.1000	77.2899
800.0000	78.1727
799.9000	77.539
799.8000	76.7634
799.7000	77.9444
799.6000	78.4296
799.5000	77.6997
799.4000	77.4058
799.3000	78.4689
799.2000	79.4528
799.1000	78.7297
799.0000	78.0011
798.9000	79.0709
798.8000	79.9506
798.7000	79.0131
798.6000	78.1926
798.5000	79.0138
798.4000	80.0788
798.3000	79.5494
798.2000	78.633
798.1000	79.446
798.0000	80.08
797.9000	79.8184
797.8000	79.2752
797.7000	79.9878
797.6000	81.1728
797.5000	81.2493
797.4000	80.4778
797.3000	81.2633
797.2000	82.0908
797.1000	81.9239
797.0000	81.22
796.9000	81.4729
796.8000	82.7626
796.7000	82.8995
796.6000	81.9325
796.5000	82.08
796.4000	83.243
796.3000	83.1407
796.2000	81.8646
796.1000	81.8508
796.0000	83.2123
795.9000	83.5458
795.8000	82.6153
795.7000	82.3481
795.6000	83.6267
795.5000	84.11
795.4000	83.0122
795.3000	82.7259
795.2000	84.0142
795.1000	84.3955
795.0000	83.5931
794.9000	83.2834
794.8000	84.4316
794.7000	85.045
794.6000	84.237
794.5000	84.132
794.4000	84.9782
794.3000	85.6133
794.2000	84.7379
794.1000	84.2406
794.0000	85.1986
793.9000	85.7861
793.8000	84.9514
793.7000	84.2399
793.6000	85.1189
793.5000	85.6371
793.4000	84.7838
793.3000	83.8654
793.2000	84.5738
793.1000	85.1664
793.0000	84.2535
792.9000	83.6431
792.8000	84.376
792.7000	85.1191
792.6000	84.4323
792.5000	83.801
792.4000	84.4148
792.3000	85.2793
792.2000	84.3805
792.1000	83.2808
792.0000	83.7324
791.9000	84.3334
791.8000	83.8731
791.7000	83.0732
791.6000	83.4913
791.5000	84.2442
791.4000	83.4946
791.3000	82.3742
791.2000	82.9135
791.1000	83.4549
791.0000	82.835
790.9000	82.0768
790.8000	82.4649
790.7000	83.0493
790.6000	82.6923
790.5000	81.6611
790.4000	82.2047
790.3000	82.939
790.2000	82.4102
790.1000	81.4293
790.0000	81.782
789.9000	82.267
789.8000	81.474
789.7000	80.6564
789.6000	81.1166
789.5000	81.705
789.4000	80.8256
789.3000	79.8944
789.2000	80.3826
789.1000	80.96
789.0000	80.1167
788.9000	79.1404
788.8000	79.753
788.7000	80.4781
788.6000	79.6448
788.5000	78.4694
788.4000	79.1408
788.3000	79.5123
788.2000	78.7497
788.1000	77.836
788.0000	78.1705
787.9000	78.5437
787.8000	77.6602
787.7000	76.55
787.6000	77.0266
787.5000	77.5836
787.4000	76.9794
787.3000	76.1024
787.2000	76.6117
787.1000	77.4196
787.0000	76.6737
786.9000	75.8328
786.8000	76.0924
786.7000	76.8064
786.6000	76.2245
786.5000	75.3536
786.4000	75.8998
786.3000	76.4784
786.2000	75.9446
786.1000	74.7933
786.0000	74.8874
785.9000	75.4787
785.8000	74.7632
785.7000	73.9701
785.6000	74.2597
785.5000	74.8166
785.4000	74.4083
785.3000	73.6792
785.2000	73.9443
785.1000	74.6162
785.0000	74.0545
784.9000	73.2266
784.8000	73.5389
784.7000	74.2017
784.6000	74.0322
784.5000	72.7829
784.4000	72.9883
784.3000	73.9426
784.2000	73.5974
784.1000	72.5848
784.0000	72.7976
783.9000	73.558
783.8000	73.3007
783.7000	72.3366
783.6000	72.2288
783.5000	73.1424
783.4000	72.9563
783.3000	71.9888
783.2000	72.0684
783.1000	73.1011
783.0000	72.9707
782.9000	72.0098
782.8000	72.1805
782.7000	72.9357
782.6000	72.7319
782.5000	71.7878
782.4000	71.772
782.3000	72.7636
782.2000	72.4603
782.1000	71.4935
782.0000	71.9637
781.9000	73.0955
781.8000	73.2296
781.7000	72.2506
781.6000	72.1768
781.5000	73.2819
781.4000	73.0568
781.3000	71.8968
781.2000	71.9032
781.1000	73.1672
781.0000	73.4185
780.9000	72.6584
780.8000	72.9323
780.7000	73.8941
780.6000	74.0424
780.5000	72.882
780.4000	72.7723
780.3000	73.7336
780.2000	73.5174
780.1000	72.7612
780.0000	72.9242
779.9000	73.9112
779.8000	74.3022
779.7000	73.5567
779.6000	73.8371
779.5000	74.668
779.4000	74.842
779.3000	74.1356
779.2000	74.3324
779.1000	75.2166
779.0000	75.0126
778.9000	74.0806
778.8000	74.5269
778.7000	75.4499
778.6000	75.1439
778.5000	74.4774
778.4000	74.9735
778.3000	76.1336
778.2000	75.8741
778.1000	75.3378
778.0000	76.0729
777.9000	77.1154
777.8000	76.5794
777.7000	76.0038
777.6000	76.8822
777.5000	77.5041
777.4000	76.8452
777.3000	76.5621
777.2000	76.9505
777.1000	77.8338
777.0000	77.2149
776.9000	76.865
776.8000	77.9405
776.7000	78.5032
776.6000	78.1877
776.5000	77.7082
776.4000	78.6286
776.3000	79.2737
776.2000	78.6161
776.1000	78.529
776.0000	79.5351
775.9000	79.8698
775.8000	79.1318
775.7000	79.3088
775.6000	80.1525
775.5000	80.3922
775.4000	79.4167
775.3000	79.5774
775.2000	80.7492
775.1000	81.0056
775.0000	80.3916
774.9000	80.7791
774.8000	81.9358
774.7000	82.0683
774.6000	81.3065
774.5000	81.599
774.4000	82.6677
774.3000	82.326
774.2000	81.9525
774.1000	82.2476
774.0000	83.0964
773.9000	82.7383
773.8000	82.1195
773.7000	82.7767
773.6000	83.6565
773.5000	83.4581
773.4000	82.9335
773.3000	83.7831
773.2000	84.3414
773.1000	83.7721
773.0000	83.134
772.9000	83.9722
772.8000	84.497
772.7000	83.8306
772.6000	83.4241
772.5000	84.3671
772.4000	84.9364
772.3000	84.1019
772.2000	83.8575
772.1000	84.7741
772.0000	85.1646
771.9000	84.412
771.8000	84.3554
771.7000	85.308
771.6000	85.505
771.5000	84.4209
771.4000	84.4818
771.3000	85.3751
771.2000	85.3858
771.1000	84.37
771.0000	84.3936
770.9000	85.3666
770.8000	85.4487
770.7000	84.6594
770.6000	84.6135
770.5000	85.3037
770.4000	85.0182
770.3000	84.106
770.2000	84.3543
770.1000	84.6525
770.0000	84.0531
769.9000	83.3273
769.8000	83.9602
769.7000	84.279
769.6000	83.4542
769.5000	83.0723
769.4000	83.767
769.3000	83.9241
769.2000	82.9503
769.1000	82.5489
769.0000	83.3717
768.9000	83.1572
768.8000	82.1277
768.7000	82.5322
768.6000	83.1806
768.5000	82.8555
768.4000	82.1456
768.3000	82.4318
768.2000	82.8626
768.1000	82.3825
768.0000	81.65
767.9000	81.8515
767.8000	82.26
767.7000	81.6335
767.6000	81.0288
767.5000	81.561
767.4000	81.5416
767.3000	80.7507
767.2000	80.327
767.1000	81.0232
767.0000	80.6233
766.9000	79.6474
766.8000	79.5127
766.7000	79.9326
766.6000	79.8324
766.5000	78.9297
766.4000	79.0756
766.3000	79.6937
766.2000	79.2967
766.1000	78.6613
766.0000	78.9654
765.9000	79.5334
765.8000	78.6653
765.7000	77.8604
765.6000	78.1053
765.5000	78.5944
765.4000	77.5941
765.3000	77.0513
765.2000	77.5141
765.1000	77.877
765.0000	76.9772
764.9000	76.6416
764.8000	77.0824
764.7000	76.9554
764.6000	76.0586
764.5000	75.9135
764.4000	76.4145
764.3000	76.0862
764.2000	75.3156
764.1000	75.4252
764.0000	75.5708
763.9000	74.8079
763.8000	74.2291
763.7000	74.6736
763.6000	74.9426
763.5000	74.2631
763.4000	73.9846
763.3000	74.671
763.2000	74.7071
763.1000	73.9516
763.0000	73.9031
762.9000	74.4739
762.8000	74.3368
762.7000	73.7628
762.6000	73.939
762.5000	74.3132
762.4000	73.6742
762.3000	73.1674
762.2000	73.4916
762.1000	73.6745
762.0000	72.8445
761.9000	72.5592
761.8000	73.3355
761.7000	73.5356
761.6000	72.7063
761.5000	72.7986
761.4000	73.6135
761.3000	73.5075
761.2000	72.7822
761.1000	72.834
761.0000	73.3684
760.9000	72.806
760.8000	72.0927
760.7000	72.6992
760.6000	73.4139
760.5000	72.9484
760.4000	72.4559
760.3000	73.2986
760.2000	73.5195
760.1000	72.8229
760.0000	72.5714
759.9000	73.1125
759.8000	73.2989
759.7000	72.4536
759.6000	72.7833
759.5000	73.3204
759.4000	73.2143
759.3000	72.653
759.2000	73.1303
759.1000	73.6912
759.0000	73.068
758.9000	72.9117
758.8000	73.7266
758.7000	74.0157
758.6000	73.622
758.5000	73.5151
758.4000	74.2731
758.3000	74.2225
758.2000	73.5819
758.1000	73.7267
758.0000	74.2813
757.9000	74.0559
757.8000	73.8265
757.7000	74.384
757.6000	75.0318
757.5000	74.575
757.4000	74.6662
757.3000	75.5151
757.2000	75.9479
757.1000	75.3645
757.0000	75.498
756.9000	76.3906
756.8000	76.1461
756.7000	75.6102
756.6000	75.8284
756.5000	76.5468
756.4000	76.1718
756.3000	76.021
756.2000	76.7141
756.1000	77.3011
756.0000	77.1304
755.9000	77.2449
755.8000	78.0564
755.7000	77.9346
755.6000	77.5962
755.5000	78.0406
755.4000	78.5045
755.3000	78.2824
755.2000	77.9589
755.1000	78.6633
755.0000	79.3008
754.9000	78.7986
754.8000	78.9321
754.7000	79.7091
754.6000	80.0982
754.5000	79.8085
754.4000	80.059
754.3000	80.8029
754.2000	80.6491
754.1000	80.3079
754.0000	80.7645
753.9000	81.0344
753.8000	80.6398
753.7000	80.7795
753.6000	81.4893
753.5000	81.4835
753.4000	81.1487
753.3000	81.4556
753.2000	82.2087
753.1000	81.942
753.0000	81.5945
752.9000	82.1808
752.8000	82.4848
752.7000	81.9155
752.6000	82.0917
752.5000	82.756
752.4000	82.8315
752.3000	82.5864
752.2000	83.1449
752.1000	83.8717
752.0000	83.417
751.9000	83.2425
751.8000	83.7405
751.7000	84.1134
751.6000	83.4069
751.5000	83.6355
751.4000	84.2887
751.3000	84.1
751.2000	83.5671
751.1000	84.0398
751.0000	84.2401
750.9000	83.9452
750.8000	83.5604
750.7000	84.3133
750.6000	84.4402
750.5000	83.9654
750.4000	84.2119
750.3000	84.6893
750.2000	84.3656
750.1000	83.9423
750.0000	84.5349
749.9000	84.7899
749.8000	84.3103
749.7000	84.2606
749.6000	84.6773
749.5000	84.5443
749.4000	83.8988
749.3000	84.1119
749.2000	84.2808
749.1000	83.7374
749.0000	83.3306
748.9000	83.8422
748.8000	83.8311
748.7000	83.006
748.6000	83.1635
748.5000	83.4288
748.4000	83.1328
748.3000	82.6759
748.2000	82.9555
748.1000	83.3038
748.0000	82.6684
747.9000	82.5839
747.8000	83.2342
747.7000	82.9486
747.6000	82.5843
747.5000	82.6203
747.4000	82.9028
747.3000	82.2506
747.2000	81.8087
747.1000	81.9527
747.0000	81.7388
746.9000	81.1254
746.8000	81.1861
746.7000	81.4732
746.6000	80.9063
746.5000	80.3904
746.4000	80.6143
746.3000	80.5555
746.2000	79.8868
746.1000	79.7135
746.0000	80.1163
745.9000	79.7857
745.8000	79.2312
745.7000	79.335
745.6000	79.3877
745.5000	78.7507
745.4000	78.5219
745.3000	78.6397
745.2000	78.2649
745.1000	77.7732
745.0000	78.0388
744.9000	78.159
744.8000	77.5174
744.7000	77.0889
744.6000	77.3436
744.5000	77.0398
744.4000	76.4009
744.3000	76.331
744.2000	76.5533
744.1000	76.1673
744.0000	75.6805
743.9000	76.016
743.8000	75.8219
743.7000	75.3362
743.6000	75.2883
743.5000	75.5099
743.4000	75.2416
743.3000	74.9583
743.2000	75.2403
743.1000	75.2188
743.0000	74.785
742.9000	74.6972
742.8000	75.069
742.7000	74.6051
742.6000	74.1198
742.5000	74.3225
742.4000	74.278
742.3000	73.6096
742.2000	73.5384
742.1000	73.9306
742.0000	73.6459
741.9000	73.275
741.8000	73.4816
741.7000	73.7866
741.6000	73.3412
741.5000	73.184
741.4000	73.4608
741.3000	73.3164
741.2000	72.8623
741.1000	72.8864
741.0000	73.0427
740.9000	72.5071
740.8000	72.3587
740.7000	72.9362
740.6000	72.6846
740.5000	72.3531
740.4000	72.6711
740.3000	72.8739
740.2000	72.5139
740.1000	72.3136
740.0000	73.139
739.9000	73.1123
739.8000	72.7182
739.7000	72.9697
739.6000	73.41
739.5000	73.1899
739.4000	72.9968
739.3000	73.3924
739.2000	73.605
739.1000	73.1812
739.0000	73.1809
738.9000	73.6273
738.8000	73.3615
738.7000	73.1398
738.6000	73.6224
738.5000	73.8678
738.4000	73.521
738.3000	73.6728
738.2000	74.3067
738.1000	74.1653
738.0000	73.8105
737.9000	74.2552
737.8000	74.7661
737.7000	74.3601
737.6000	74.2812
737.5000	74.9657
737.4000	75.1273
737.3000	74.8392
737.2000	75.2489
737.1000	75.7075
737.0000	75.5337
736.9000	75.5492
736.8000	75.9586
736.7000	76.0979
736.6000	75.7163
736.5000	76.1648
736.4000	76.5653
736.3000	76.24
736.2000	76.3264
736.1000	76.9558
736.0000	77.0141
735.9000	76.7333
735.8000	77.1724
735.7000	77.7581
735.6000	77.6423
735.5000	77.5967
735.4000	78.0331
735.3000	78.5212
735.2000	78.1569
735.1000	78.3067
735.0000	78.6842
734.9000	78.5993
734.8000	78.6875
734.7000	79.1955
734.6000	79.3551
734.5000	79.1774
734.4000	79.6179
734.3000	80.1316
734.2000	79.9313
734.1000	80.0689
734.0000	80.5608
733.9000	80.7884
733.8000	80.6158
733.7000	81.1486
733.6000	81.4827
733.5000	81.4461
733.4000	81.6314
733.3000	82.1664
733.2000	82.3511
733.1000	82.0852
733.0000	82.5113
732.9000	82.6994
732.8000	82.4018
732.7000	82.399
732.6000	83.0456
732.5000	83.0952
732.4000	82.9049
732.3000	83.306
732.2000	83.7484
732.1000	83.4146
732.0000	83.3735
731.9000	83.783
731.8000	83.7031
731.7000	83.5508
731.6000	83.7915
731.5000	84.1327
731.4000	84.0302
731.3000	84.1034
731.2000	84.5081
731.1000	84.3617
731.0000	84.0557
730.9000	84.4312
730.8000	84.4845
730.7000	84.1219
730.6000	83.9446
730.5000	84.3961
730.4000	84.312
730.3000	84.1065
730.2000	84.3821
730.1000	84.4291
730.0000	84.1183
729.9000	84.1986
729.8000	84.4059
729.7000	83.9526
729.6000	83.5452
729.5000	83.8858
729.4000	83.8924
729.3000	83.5487
729.2000	83.6504
729.1000	84.0192
729.0000	83.7736
728.9000	83.7761
728.8000	83.9921
728.7000	83.9277
728.6000	83.409
728.5000	83.566
728.4000	83.6029
728.3000	83.0964
728.2000	82.6646
728.1000	82.9709
728.0000	82.7986
727.9000	82.2788
727.8000	82.3661
727.7000	82.3137
727.6000	82.0397
727.5000	81.6103
727.4000	81.8894
727.3000	81.6571
727.2000	81.1046
727.1000	81.345
727.0000	81.3328
726.9000	80.7472
726.8000	80.6728
726.7000	80.9118
726.6000	80.527
726.5000	80.2241
726.4000	80.0861
726.3000	80.0062
726.2000	79.543
726.1000	79.3162
726.0000	79.4674
725.9000	79.0397
725.8000	78.7485
725.7000	78.7805
725.6000	78.4656
725.5000	77.8872
725.4000	77.8349
725.3000	77.6014
725.2000	77.0828
725.1000	77.0301
725.0000	77.2463
724.9000	76.9741
724.8000	76.5863
724.7000	76.7111
724.6000	76.6781
724.5000	76.2832
724.4000	76.1829
724.3000	76.1707
724.2000	75.952
724.1000	75.8325
724.0000	75.9559
723.9000	75.6824
723.8000	75.2959
723.7000	75.3656
723.6000	75.3741
723.5000	74.967
723.4000	74.6992
723.3000	74.8264
723.2000	74.5625
723.1000	74.307
723.0000	74.2506
722.9000	73.8942
722.8000	73.5839
722.7000	73.6618
722.6000	73.6148
722.5000	73.3536
722.4000	73.2183
722.3000	73.3821
722.2000	73.2108
722.1000	73.1021
722.0000	73.1917
721.9000	73.2503
721.8000	72.9227
721.7000	73.0372
721.6000	73.2334
721.5000	73.0651
721.4000	72.9051
721.3000	73.2746
721.2000	73.156
721.1000	72.9683
721.0000	73.2017
720.9000	73.1591
720.8000	72.8413
720.7000	72.8384
720.6000	72.9177
720.5000	72.8368
720.4000	72.6079
720.3000	72.905
720.2000	73.1351
720.1000	72.8525
720.0000	73.2655
719.9000	73.4223
719.8000	73.2482
719.7000	73.3213
719.6000	73.4656
719.5000	73.4417
719.4000	73.3467
719.3000	73.496
719.2000	73.6151
719.1000	73.4977
719.0000	73.6574
718.9000	74.0404
718.8000	73.9308
718.7000	73.8763
718.6000	74.3495
718.5000	74.499
718.4000	74.4152
718.3000	74.7618
718.2000	75.138
718.1000	75.0878
718.0000	75.1556
717.9000	75.3597
717.8000	75.3742
717.7000	75.4792
717.6000	75.7952
717.5000	75.9399
717.4000	76.066
717.3000	76.3037
717.2000	76.786
717.1000	76.7406
717.0000	76.7709
716.9000	77.2329
716.8000	77.2463
716.7000	77.3192
716.6000	77.6015
716.5000	77.8147
716.4000	77.7864
716.3000	78.0511
716.2000	78.618
716.1000	78.5863
716.0000	78.7133
715.9000	79.0902
715.8000	79.2907
715.7000	79.2828
715.6000	79.4954
715.5000	79.6914
715.4000	79.8364
715.3000	80.022
715.2000	80.2955
715.1000	80.4898
715.0000	80.7567
714.9000	81.0024
714.8000	80.9782
714.7000	81.0765
714.6000	81.2246
714.5000	81.2905
714.4000	81.415
714.3000	81.6747
714.2000	81.9215
714.1000	82.1026
714.0000	82.3063
713.9000	82.4735
713.8000	82.6012
713.7000	82.5342
713.6000	82.8329
713.5000	82.965
713.4000	82.9862
713.3000	83.1856
713.2000	83.4696
713.1000	83.6503
713.0000	83.8011
712.9000	83.9889
712.8000	83.8554
712.7000	84.0556
712.6000	84.1517
712.5000	84.0729
712.4000	84.1542
712.3000	84.1856
712.2000	84.1535
712.1000	84.1913
712.0000	84.2071
711.9000	84.1802
711.8000	84.0478
711.7000	84.158
711.6000	84.3047
711.5000	84.2864
711.4000	84.2634
711.3000	84.2963
711.2000	84.2208
711.1000	84.23
711.0000	84.2106
710.9000	84.1326
710.8000	84.1285
710.7000	84.0431
710.6000	83.7981
710.5000	83.7301
710.4000	83.603
710.3000	83.5757
710.2000	83.3329
710.1000	83.3272
710.0000	83.3642
709.9000	83.2499
709.8000	83.127
709.7000	82.9996
709.6000	82.8585
709.5000	82.7246
709.4000	82.5778
709.3000	82.4301
709.2000	82.1072
709.1000	81.9736
709.0000	81.9685
708.9000	81.594
708.8000	81.6621
708.7000	81.446
708.6000	81.1496
708.5000	81.1514
708.4000	80.8854
708.3000	80.6598
708.2000	80.3952
708.1000	80.2484
708.0000	80.1556
707.9000	79.7759
707.8000	79.6489
707.7000	79.5226
707.6000	79.1387
707.5000	78.9695
707.4000	78.7707
707.3000	78.5625
707.2000	78.354
707.1000	78.3404
707.0000	78.1098
706.9000	77.8289
706.8000	77.8058
706.7000	77.4978
706.6000	77.3362
706.5000	77.162
706.4000	76.9793
706.3000	76.7506
706.2000	76.6447
706.1000	76.4882
706.0000	76.2952
705.9000	76.1089
705.8000	76.008
705.7000	75.6987
705.6000	75.5635
705.5000	75.3143
705.4000	75.1148
705.3000	74.8524
705.2000	74.7938
705.1000	74.6616
705.0000	74.42
704.9000	74.473
704.8000	74.3991
704.7000	74.2922
704.6000	74.1755
704.5000	74.1015
704.4000	74.0018
704.3000	73.888
704.2000	73.6721
704.1000	73.5362
704.0000	73.4367
703.9000	73.4837
703.8000	73.1807
703.7000	73.1408
703.6000	73.221
703.5000	72.9908
703.4000	72.929
703.3000	72.8743
703.2000	72.8267
703.1000	72.8754
703.0000	72.9035
702.9000	72.8498
702.8000	72.7527
702.7000	72.8698
702.6000	72.7707
702.5000	72.8201
702.4000	72.8293
702.3000	72.8183
702.2000	72.8274
702.1000	72.9764
702.0000	72.8603
701.9000	72.8683
701.8000	72.9488
701.7000	73.0897
701.6000	73.065
701.5000	73.1692
701.4000	73.4298
701.3000	73.4513
701.2000	73.5194
701.1000	73.7043
701.0000	73.746
700.9000	73.8671
700.8000	73.911
700.7000	73.9634
700.6000	74.1067
700.5000	74.2522
700.4000	74.3589
700.3000	74.4058
700.2000	74.7873
700.1000	74.9543
700.0000	75.148
699.9000	75.5773
699.8000	75.6918
699.7000	75.8978
699.6000	76.1854
699.5000	76.3152
699.4000	76.3152
699.3000	76.5137
699.2000	76.6169
699.1000	76.7131
699.0000	76.8892
698.9000	77.1526
698.8000	77.2246
698.7000	77.4677
698.6000	77.6617
698.5000	77.7739
698.4000	78.112
698.3000	78.3611
698.2000	78.5544
698.1000	78.7991
698.0000	79.0971
697.9000	79.2393
697.8000	79.3333
697.7000	79.6453
697.6000	79.6601
697.5000	79.7692
697.4000	80.0188
697.3000	80.3059
697.2000	80.6325
697.1000	80.8269
697.0000	81.0211
696.9000	81.1573
696.8000	81.4243
696.7000	81.5833
696.6000	81.5352
696.5000	81.7095
696.4000	81.9169
696.3000	82.0024
696.2000	82.1705
696.1000	82.369
696.0000	82.4353
695.9000	82.6196
695.8000	82.8022
695.7000	82.8406
695.6000	82.9679
695.5000	83.1855
695.4000	83.1799
695.3000	83.2966
695.2000	83.5081
695.1000	83.4905
695.0000	83.6025
694.9000	83.956
694.8000	84.0066
694.7000	84.0373
694.6000	84.0733
694.5000	84.0688
694.4000	84.0795
694.3000	84.1395
694.2000	84.0233
694.1000	83.834
694.0000	84.0289
693.9000	83.8763
693.8000	83.7444
693.7000	83.7292
693.6000	83.7836
693.5000	83.6432
693.4000	83.7514
693.3000	83.8121
693.2000	83.6524
693.1000	83.6068
693.0000	83.6414
692.9000	83.4511
692.8000	83.4059
692.7000	83.3404
692.6000	83.1447
692.5000	83.1533
692.4000	83.2587
692.3000	82.9347
692.2000	82.7655
692.1000	82.8423
692.0000	82.5421
691.9000	82.3527
691.8000	82.3509
691.7000	82.0985
691.6000	81.9242
691.5000	81.8937
691.4000	81.3769
691.3000	81.0753
691.2000	81.0256
691.1000	80.6582
691.0000	80.4632
690.9000	80.4486
690.8000	80.0623
690.7000	79.877
690.6000	79.9096
690.5000	79.6752
690.4000	79.3917
690.3000	79.3791
690.2000	79.1584
690.1000	78.8648
690.0000	78.7272
689.9000	78.4253
689.8000	78.1351
689.7000	78.0255
689.6000	77.7432
689.5000	77.408
689.4000	77.5199
689.3000	77.2072
689.2000	76.8325
689.1000	76.72
689.0000	76.3775
688.9000	76.0794
688.8000	76.0732
688.7000	75.8833
688.6000	75.6488
688.5000	75.5975
688.4000	75.5225
688.3000	75.1686
688.2000	75.1221
688.1000	74.8877
688.0000	74.6034
687.9000	74.6398
687.8000	74.4956
687.7000	74.313
687.6000	74.2204
687.5000	74.175
687.4000	73.908
687.3000	73.8663
687.2000	73.8244
687.1000	73.5364
687.0000	73.5781
686.9000	73.597
686.8000	73.4027
686.7000	73.3386
686.6000	73.3321
686.5000	73.053
686.4000	73.0164
686.3000	72.9959
686.2000	72.803
686.1000	72.8539
686.0000	72.8933
685.9000	72.7213
685.8000	72.5029
685.7000	72.6604
685.6000	72.6169
685.5000	72.5511
685.4000	72.7343
685.3000	72.7198
685.2000	72.8239
685.1000	73.0333
685.0000	72.9275
684.9000	72.9129
684.8000	73.1777
684.7000	73.2016
684.6000	73.202
684.5000	73.4163
684.4000	73.5292
684.3000	73.5364
684.2000	73.6872
684.1000	73.6828
684.0000	73.6779
683.9000	73.8678
683.8000	73.9451
683.7000	73.9406
683.6000	74.2303
683.5000	74.3863
683.4000	74.4007
683.3000	74.7311
683.2000	74.8873
683.1000	74.8847
683.0000	75.2938
682.9000	75.2633
682.8000	75.3939
682.7000	75.673
682.6000	75.7487
682.5000	75.9143
682.4000	76.1999
682.3000	76.331
682.2000	76.3644
682.1000	76.7332
682.0000	76.9655
681.9000	76.9705
681.8000	77.3602
681.7000	77.7477
681.6000	77.8228
681.5000	78.2077
681.4000	78.3399
681.3000	78.3098
681.2000	78.6497
681.1000	78.8143
681.0000	78.7256
680.9000	79.0778
680.8000	79.3505
680.7000	79.445
680.6000	79.8066
680.5000	80.0249
680.4000	80.1355
680.3000	80.52
680.2000	80.7648
680.1000	80.6628
680.0000	81.1501
679.9000	81.3799
679.8000	81.3674
679.7000	81.9362
679.6000	82.1194
679.5000	82.0373
679.4000	82.5057
679.3000	82.5749
679.2000	82.4715
679.1000	82.7437
679.0000	82.6332
678.9000	82.6392
678.8000	83.0013
678.7000	82.9175
678.6000	82.9533
678.5000	83.3341
678.4000	83.379
678.3000	83.1324
678.2000	83.5348
678.1000	83.392
678.0000	83.395
677.9000	83.7508
677.8000	83.7009
677.7000	83.7453
677.6000	84.1191
677.5000	83.8819
677.4000	83.8645
677.3000	83.9937
677.2000	83.9352
677.1000	83.7302
677.0000	83.9731
676.9000	83.7607
676.8000	83.8125
676.7000	84.0717
676.6000	83.7288
676.5000	83.7013
676.4000	83.9828
676.3000	83.8171
676.2000	83.659
676.1000	83.7878
676.0000	83.4429
675.9000	83.4783
675.8000	83.5794
675.7000	83.1677
675.6000	83.0625
675.5000	83.0101
675.4000	82.5901
675.3000	82.3731
675.2000	82.2402
675.1000	81.8491
675.0000	81.649
674.9000	81.6736
674.8000	81.3794
674.7000	81.2799
674.6000	81.2842
674.5000	80.8605
674.4000	80.6687
674.3000	80.6374
674.2000	80.1253
674.1000	80.1621
674.0000	80.0238
673.9000	79.5175
673.8000	79.5816
673.7000	79.3877
673.6000	78.852
673.5000	78.9207
673.4000	78.6749
673.3000	78.1822
673.2000	78.1937
673.1000	78.0878
673.0000	77.8392
672.9000	77.9131
672.8000	77.5166
672.7000	77.2284
672.6000	77.2452
672.5000	76.8255
672.4000	76.4952
672.3000	76.4212
672.2000	76.0419
672.1000	75.7817
672.0000	75.8587
671.9000	75.6463
671.8000	75.4374
671.7000	75.4412
671.6000	75.0099
671.5000	74.8426
671.4000	74.9073
671.3000	74.3575
671.2000	74.2796
671.1000	74.3568
671.0000	73.9999
670.9000	74.0158
670.8000	74.0747
670.7000	73.7244
670.6000	73.7566
670.5000	73.5788
670.4000	73.3779
670.3000	73.4773
670.2000	73.3714
670.1000	73.1749
670.0000	73.2407
669.9000	73.2421
669.8000	73.0909
669.7000	73.2918
669.6000	73.1237
669.5000	72.9954
669.4000	73.2692
669.3000	73.1591
669.2000	73.013
669.1000	73.1258
669.0000	72.9757
668.9000	72.8889
668.8000	73.0343
668.7000	72.8571
668.6000	72.7725
668.5000	73.0036
668.4000	72.859
668.3000	72.8725
668.2000	73.0887
668.1000	73.0717
668.0000	73.297
667.9000	73.5436
667.8000	73.4695
667.7000	73.7635
667.6000	74.1251
667.5000	74.0594
667.4000	74.3447
667.3000	74.5626
667.2000	74.4725
667.1000	74.7999
667.0000	74.9049
666.9000	74.8087
666.8000	75.1137
666.7000	75.2187
666.6000	75.2286
666.5000	75.8403
666.4000	75.774
666.3000	75.9946
666.2000	76.4118
666.1000	76.3695
666.0000	76.7099
665.9000	76.9398
665.8000	76.8881
665.7000	77.1685
665.6000	77.516
665.5000	77.4458
665.4000	77.8633
665.3000	78.1239
665.2000	78.1285
665.1000	78.6622
665.0000	78.7485
664.9000	78.834
664.8000	79.3335
664.7000	79.4205
664.6000	79.4153
664.5000	79.8337
664.4000	79.9869
664.3000	80.083
664.2000	80.5082
664.1000	80.5104
664.0000	80.8479
663.9000	81.2719
663.8000	81.1423
663.7000	81.4601
663.6000	81.8534
663.5000	81.6912
663.4000	82.1339
663.3000	82.317
663.2000	82.2446
663.1000	82.6019
663.0000	82.8062
662.9000	82.7704
662.8000	83.1757
662.7000	83.1646
662.6000	83.1806
662.5000	83.6224
662.4000	83.4111
662.3000	83.3983
662.2000	83.6639
662.1000	83.2551
662.0000	83.6128
661.9000	83.7422
661.8000	83.4368
661.7000	83.8596
661.6000	83.8512
661.5000	83.6453
661.4000	83.942
661.3000	83.792
661.2000	83.7706
661.1000	83.965
661.0000	83.7069
660.9000	83.7043
660.8000	83.7511
660.7000	83.2554
660.6000	83.3656
660.5000	83.3764
660.4000	83.0515
660.3000	83.2359
660.2000	83.1218
660.1000	82.994
660.0000	83.3673
659.9000	82.9568
659.8000	82.8017
659.7000	82.9306
659.6000	82.4407
659.5000	82.3464
659.4000	82.0712
659.3000	81.574
659.2000	81.6551
659.1000	81.4105
659.0000	81.0671
658.9000	81.2552
658.8000	80.9481
658.7000	80.5752
658.6000	80.6955
658.5000	80.2399
658.4000	79.919
658.3000	79.8197
658.2000	79.3113
658.1000	79.2983
658.0000	79.2232
657.9000	78.7945
657.8000	78.9474
657.7000	78.7092
657.6000	78.3175
657.5000	78.3835
657.4000	77.9711
657.3000	77.7385
657.2000	77.7243
657.1000	77.322
657.0000	77.0988
656.9000	77.0984
656.8000	76.5529
656.7000	76.4216
656.6000	76.25
656.5000	75.8195
656.4000	75.7819
656.3000	75.5672
656.2000	75.2519
656.1000	75.2888
656.0000	74.9277
655.9000	74.6857
655.8000	74.8314
655.7000	74.418
655.6000	74.3531
655.5000	74.2998
655.4000	73.9063
655.3000	74.0593
655.2000	73.9432
655.1000	73.6581
655.0000	73.7105
654.9000	73.5001
654.8000	73.5313
654.7000	73.6277
654.6000	73.2822
654.5000	73.2754
654.4000	73.3951
654.3000	73.0885
654.2000	73.0649
654.1000	72.9514
654.0000	72.8329
653.9000	73.1168
653.8000	72.8825
653.7000	72.8578
653.6000	73.1549
653.5000	72.9172
653.4000	73.0585
653.3000	73.0573
653.2000	72.8859
653.1000	73.1827
653.0000	73.0745
652.9000	73.0815
652.8000	73.3711
652.7000	73.2363
652.6000	73.379
652.5000	73.5906
652.4000	73.4479
652.3000	73.7164
652.2000	73.9273
652.1000	73.9129
652.0000	74.2342
651.9000	74.245
651.8000	74.4056
651.7000	74.8469
651.6000	74.7119
651.5000	75.1045
651.4000	75.3159
651.3000	75.3221
651.2000	75.7926
651.1000	75.9371
651.0000	75.9513
650.9000	76.49
650.8000	76.4455
650.7000	76.8083
650.6000	77.1663
650.5000	77.067
650.4000	77.5026
650.3000	77.6353
650.2000	77.7184
650.1000	78.195
650.0000	78.0868
649.9000	78.4442
649.8000	78.8685
649.7000	78.8385
649.6000	79.3096
649.5000	79.5782
649.4000	79.6203
649.3000	80.0042
649.2000	80.0691
649.1000	80.1546
649.0000	80.6668
648.9000	80.5879
648.8000	80.822
648.7000	81.1832
648.6000	81.0334
648.5000	81.4874
648.4000	81.6787
648.3000	81.5959
648.2000	82.0683
648.1000	82.0259
648.0000	82.2641
647.9000	82.4995
647.8000	82.2658
647.7000	82.5807
647.6000	82.8947
647.5000	82.8401
647.4000	83.1889
647.3000	83.1595
647.2000	83.2859
647.1000	83.674
647.0000	83.3646
646.9000	83.5215
646.8000	83.6074
646.7000	83.3206
646.6000	83.7793
646.5000	83.5143
646.4000	83.5163
646.3000	83.8027
646.2000	83.5577
646.1000	83.7829
646.0000	83.8136
645.9000	83.4034
645.8000	83.5637
645.7000	83.2931
645.6000	83.1718
645.5000	83.2867
645.4000	82.8407
645.3000	83.0494
645.2000	83.1402
645.1000	82.8239
645.0000	82.9586
644.9000	82.7062
644.8000	82.6332
644.7000	82.7143
644.6000	82.1248
644.5000	82.0811
644.4000	82.0351
644.3000	81.5422
644.2000	81.6646
644.1000	81.2974
644.0000	80.9148
643.9000	80.9997
643.8000	80.5838
643.7000	80.5344
643.6000	80.3932
643.5000	79.9101
643.4000	80.0035
643.3000	79.6518
643.2000	79.3445
643.1000	79.315
643.0000	78.8012
642.9000	78.7127
642.8000	78.4745
642.7000	78.0562
642.6000	78.031
642.5000	77.6493
642.4000	77.4211
642.3000	77.3201
642.2000	76.8733
642.1000	76.8544
642.0000	76.6598
641.9000	76.2856
641.8000	76.302
641.7000	75.8521
641.6000	75.7279
641.5000	75.5737
641.4000	75.2468
641.3000	75.2902
641.2000	74.8997
641.1000	74.7666
641.0000	74.7934
640.9000	74.4263
640.8000	74.4812
640.7000	74.2358
640.6000	74.1172
640.5000	74.1729
640.4000	73.822
640.3000	73.8193
640.2000	73.6866
640.1000	73.3052
640.0000	73.3138
639.9000	73.1066
639.8000	73.0513
639.7000	73.1738
639.6000	72.9226
639.5000	73.1493
639.4000	73.1529
639.3000	72.9994
639.2000	73.2226
639.1000	73.032
639.0000	73.1487
638.9000	73.1958
638.8000	73.0164
638.7000	73.167
638.6000	73.0686
638.5000	72.9593
638.4000	73.1887
638.3000	73.0839
638.2000	73.3076
638.1000	73.4958
638.0000	73.4329
637.9000	73.6656
637.8000	73.8057
637.7000	73.887
637.6000	74.1964
637.5000	74.0939
637.4000	74.3883
637.3000	74.6787
637.2000	74.6608
637.1000	75.183
637.0000	75.2057
636.9000	75.4668
636.8000	75.725
636.7000	75.6048
636.6000	75.9876
636.5000	76.1788
636.4000	76.2551
636.3000	76.5623
636.2000	76.5638
636.1000	76.9214
636.0000	77.144
635.9000	77.085
635.8000	77.4862
635.7000	77.5998
635.6000	77.9677
635.5000	78.3214
635.4000	78.4161
635.3000	78.9016
635.2000	79.1253
635.1000	79.207
635.0000	79.6539
634.9000	79.5551
634.8000	79.8491
634.7000	80.1189
634.6000	80.0254
634.5000	80.4713
634.4000	80.5126
634.3000	80.7741
634.2000	81.2888
634.1000	81.2334
634.0000	81.7031
633.9000	81.8973
633.8000	81.9602
633.7000	82.4829
633.6000	82.3763
633.5000	82.5704
633.4000	82.7313
633.3000	82.53
633.2000	82.9745
633.1000	82.9596
633.0000	83.0693
632.9000	83.3549
632.8000	83.219
632.7000	83.646
632.6000	83.6578
632.5000	83.4518
632.4000	83.646
632.3000	83.4305
632.2000	83.5448
632.1000	83.5496
632.0000	83.4273
631.9000	83.6624
631.8000	83.4145
631.7000	83.3843
631.6000	83.3854
631.5000	83.153
631.4000	83.3497
631.3000	83.1635
631.2000	83.1327
631.1000	83.2511
631.0000	82.883
630.9000	83.0786
630.8000	82.8446
630.7000	82.5943
630.6000	82.7695
630.5000	82.3108
630.4000	82.3291
630.3000	82.19
630.2000	81.7161
630.1000	81.7471
630.0000	81.2812
629.9000	81.1676
629.8000	81.1831
629.7000	80.7142
629.6000	80.7981
629.5000	80.5383
629.4000	80.2933
629.3000	80.171
629.2000	79.7208
629.1000	79.6817
629.0000	79.3092
628.9000	78.8591
628.8000	78.7771
628.7000	78.385
628.6000	78.2639
628.5000	78.0564
628.4000	77.7405
628.3000	77.8037
628.2000	77.3771
628.1000	77.3706
628.0000	77.0858
627.9000	76.7562
627.8000	76.6825
627.7000	76.2277
627.6000	76.1537
627.5000	75.913
627.4000	75.5475
627.3000	75.5105
627.2000	75.1708
627.1000	74.9963
627.0000	74.7908
626.9000	74.4248
626.8000	74.4493
626.7000	74.1746
626.6000	74.0168
626.5000	73.8716
626.4000	73.602
626.3000	73.663
626.2000	73.4727
626.1000	73.3535
626.0000	73.4863
625.9000	73.3476
625.8000	73.407
625.7000	73.3893
625.6000	73.3644
625.5000	73.4027
625.4000	73.2171
625.3000	73.2617
625.2000	73.2845
625.1000	73.1285
625.0000	73.2912
624.9000	73.1549
624.8000	73.2564
624.7000	73.4069
624.6000	73.1988
624.5000	73.4157
624.4000	73.3298
624.3000	73.4202
624.2000	73.5593
624.1000	73.5408
624.0000	73.7801
623.9000	73.8267
623.8000	73.9925
623.7000	74.1729
623.6000	74.087
623.5000	74.5828
623.4000	74.5371
623.3000	74.7017
623.2000	74.8776
623.1000	74.8897
623.0000	75.3004
622.9000	75.3173
622.8000	75.547
622.7000	75.8179
622.6000	75.8633
622.5000	76.2946
622.4000	76.2601
622.3000	76.5302
622.2000	76.8733
622.1000	76.9295
622.0000	77.4623
621.9000	77.5317
621.8000	77.878
621.7000	78.2257
621.6000	78.2449
621.5000	78.6421
621.4000	78.6715
621.3000	79.0163
621.2000	79.3734
621.1000	79.3744
621.0000	79.8055
620.9000	79.8794
620.8000	80.212
620.7000	80.5051
620.6000	80.5247
620.5000	80.9849
620.4000	80.9616
620.3000	81.3453
620.2000	81.5931
620.1000	81.6313
620.0000	82.0193
619.9000	81.8828
619.8000	82.2674
619.7000	82.4096
619.6000	82.4725
619.5000	82.7976
619.4000	82.688
619.3000	83.1662
619.2000	83.2089
619.1000	83.0415
619.0000	83.3646
618.9000	83.1865
618.8000	83.4483
618.7000	83.3985
618.6000	83.2681
618.5000	83.5971
618.4000	83.4024
618.3000	83.574
618.2000	83.5424
618.1000	83.4313
618.0000	83.654
617.9000	83.5322
617.8000	83.4879
617.7000	83.3887
617.6000	83.2317
617.5000	83.1924
617.4000	82.849
617.3000	82.8691
617.2000	82.7054
617.1000	82.3851
617.0000	82.4533
616.9000	82.1709
616.8000	82.2036
616.7000	82.0104
616.6000	81.8759
616.5000	81.7973
616.4000	81.445
616.3000	81.4108
616.2000	81.0258
616.1000	80.823
616.0000	80.5981
615.9000	80.203
615.8000	80.1309
615.7000	79.7411
615.6000	79.5483
615.5000	79.3027
615.4000	78.958
615.3000	78.8821
615.2000	78.458
615.1000	78.3553
615.0000	78.0829
614.9000	77.7155
614.8000	77.6109
614.7000	77.2065
614.6000	77.1279
614.5000	76.8013
614.4000	76.6729
614.3000	76.5618
614.2000	76.1563
614.1000	76.0294
614.0000	75.744
613.9000	75.5149
613.8000	75.2879
613.7000	74.9864
613.6000	74.9097
613.5000	74.6236
613.4000	74.4723
613.3000	74.1782
613.2000	73.9228
613.1000	73.757
613.0000	73.4791
612.9000	73.5059
612.8000	73.4158
612.7000	73.4587
612.6000	73.3467
612.5000	73.3431
612.4000	73.301
612.3000	73.1032
612.2000	73.1214
612.1000	72.8775
612.0000	72.9889
611.9000	72.9455
611.8000	72.8729
611.7000	72.9189
611.6000	72.7503
611.5000	72.8276
611.4000	72.8589
611.3000	72.8846
611.2000	72.9556
611.1000	73.0111
611.0000	73.2715
610.9000	73.2258
610.8000	73.4176
610.7000	73.5774
610.6000	73.6814
610.5000	73.8257
610.4000	73.7629
610.3000	74.1022
610.2000	74.1733
610.1000	74.3205
610.0000	74.5367
609.9000	74.6395
609.8000	75.0576
609.7000	75.1428
609.6000	75.4467
609.5000	75.6185
609.4000	75.79
609.3000	76.1446
609.2000	76.2521
609.1000	76.5317
609.0000	76.6529
608.9000	76.8848
608.8000	77.2223
608.7000	77.4423
608.6000	77.8728
608.5000	77.9976
608.4000	78.3531
608.3000	78.5882
608.2000	78.8188
608.1000	78.9638
608.0000	79.0568
607.9000	79.4551
607.8000	79.5539
607.7000	79.8841
607.6000	80.0617
607.5000	80.2641
607.4000	80.5587
607.3000	80.6404
607.2000	81.0843
607.1000	81.2547
607.0000	81.4962
606.9000	81.704
606.8000	81.8631
606.7000	82.1457
606.6000	82.0539
606.5000	82.3604
606.4000	82.3773
606.3000	82.5292
606.2000	82.8137
606.1000	82.839
606.0000	83.2052
605.9000	83.0984
605.8000	83.2715
605.7000	83.311
605.6000	83.3
605.5000	83.3425
605.4000	83.2571
605.3000	83.3029
605.2000	83.1156
605.1000	83.2543
605.0000	83.1524
604.9000	83.106
604.8000	83.011
604.7000	82.9404
604.6000	82.9918
604.5000	82.6402
604.4000	82.6401
604.3000	82.6408
604.2000	82.4644
604.1000	82.3701
604.0000	82.0897
603.9000	82.1309
603.8000	81.8385
603.7000	81.598
603.6000	81.4015
603.5000	81.1701
603.4000	81.0573
603.3000	80.6343
603.2000	80.4929
603.1000	80.1618
603.0000	79.9319
602.9000	79.7531
602.8000	79.3751
602.7000	79.3263
602.6000	78.9941
602.5000	78.8434
602.4000	78.6003
602.3000	78.3455
602.2000	78.0721
602.1000	77.8772
602.0000	77.6436
601.9000	77.3773
601.8000	77.245
601.7000	76.8428
601.6000	76.7111
601.5000	76.4034
601.4000	76.0212
601.3000	75.7866
601.2000	75.3859
601.1000	75.2366
601.0000	75.0273
600.9000	74.9379
600.8000	74.6954
600.7000	74.4378
600.6000	74.3187
600.5000	74.1956
600.4000	74.0506
600.3000	73.7926
600.2000	73.6858
600.1000	73.5999
600.0000	73.3906
599.9000	73.3368
599.8000	73.3208
599.7000	73.2592
599.6000	73.1549
599.5000	73.1409
599.4000	72.9034
599.3000	72.887
599.2000	72.7553
599.1000	72.678
599.0000	72.7104
598.9000	72.8386
598.8000	72.9383
598.7000	73.0075
598.6000	73.1348
598.5000	73.1504
598.4000	73.415
598.3000	73.4332
598.2000	73.4464
598.1000	73.5286
598.0000	73.5727
597.9000	73.7237
597.8000	73.8106
597.7000	73.9125
597.6000	74.0898
597.5000	74.2834
597.4000	74.4999
597.3000	74.7388
597.2000	75.0212
597.1000	75.2224
597.0000	75.5412
596.9000	75.7523
596.8000	76.1111
596.7000	76.2221
596.6000	76.4214
596.5000	76.608
596.4000	76.8074
596.3000	77.0583
596.2000	77.2271
596.1000	77.5791
596.0000	77.6845
595.9000	77.9169
595.8000	78.1803
595.7000	78.5406
595.6000	78.7861
595.5000	78.9851
595.4000	79.2914
595.3000	79.5079
595.2000	79.8404
595.1000	80.0177
595.0000	80.191
594.9000	80.4484
594.8000	80.656
594.7000	80.87
594.6000	81.0323
594.5000	81.3241
594.4000	81.4534
594.3000	81.8347
594.2000	82.0197
594.1000	82.2744
594.0000	82.4758
593.9000	82.6683
593.8000	82.7729
593.7000	82.7862
593.6000	82.8591
593.5000	82.8676
593.4000	82.9567
593.3000	82.8158
593.2000	82.89
593.1000	82.9099
593.0000	82.814
592.9000	82.8298
592.8000	82.7929
592.7000	82.8041
592.6000	82.7882
592.5000	82.7841
592.4000	82.7727
592.3000	82.6891
592.2000	82.4878
592.1000	82.4122
592.0000	82.3175
591.9000	82.1825
591.8000	81.9791
591.7000	81.7983
591.6000	81.7786
591.5000	81.6389
591.4000	81.5195
591.3000	81.1586
591.2000	81.0294
591.1000	80.8341
591.0000	80.5622
590.9000	80.2855
590.8000	79.9033
590.7000	79.7309
590.6000	79.4237
590.5000	79.1684
590.4000	78.9044
590.3000	78.6022
590.2000	78.3669
590.1000	78.0928
590.0000	77.7869
589.9000	77.5359
589.8000	77.1851
589.7000	76.925
589.6000	76.6946
589.5000	76.4091
589.4000	76.2113
589.3000	75.9591
589.2000	75.6055
589.1000	75.503
589.0000	75.1943
588.9000	75.0754
588.8000	74.8652
588.7000	74.5999
588.6000	74.4864
588.5000	74.3268
588.4000	74.1231
588.3000	73.8809
588.2000	73.7644
588.1000	73.6124
588.0000	73.5084
587.9000	73.229
587.8000	73.1371
587.7000	72.9628
587.6000	72.9449
587.5000	72.844
587.4000	72.8069
587.3000	72.7851
587.2000	72.8191
587.1000	72.9121
587.0000	73.0086
586.9000	72.9919
586.8000	72.948
586.7000	72.9687
586.6000	73.0992
586.5000	72.9969
586.4000	72.9792
586.3000	73.0955
586.2000	73.1644
586.1000	73.2961
586.0000	73.4629
585.9000	73.6238
585.8000	73.9214
585.7000	74.0694
585.6000	74.3853
585.5000	74.5286
585.4000	74.7738
585.3000	74.8896
585.2000	75.0974
585.1000	75.2381
585.0000	75.4561
584.9000	75.618
584.8000	75.8449
584.7000	76.1379
584.6000	76.4591
584.5000	76.7448
584.4000	76.9326
584.3000	77.2462
584.2000	77.4198
584.1000	77.5395
584.0000	77.7798
583.9000	78.0959
583.8000	78.365
583.7000	78.6606
583.6000	78.9931
583.5000	79.4252
583.4000	79.7266
583.3000	79.7984
583.2000	80.1866
583.1000	80.3671
583.0000	80.4504
582.9000	80.5891
582.8000	80.7588
582.7000	81.0093
582.6000	81.2399
582.5000	81.3386
582.4000	81.5519
582.3000	81.7519
582.2000	81.9512
582.1000	82.0496
582.0000	82.0621
581.9000	82.237
581.8000	82.3684
581.7000	82.5565
581.6000	82.5911
581.5000	82.6734
581.4000	82.8432
581.3000	82.8441
581.2000	82.8691
581.1000	82.9389
581.0000	82.9203
580.9000	82.8747
580.8000	82.8419
580.7000	82.7565
580.6000	82.6873
580.5000	82.5642
580.4000	82.4229
580.3000	82.3486
580.2000	82.0864
580.1000	81.9659
580.0000	81.7288
579.9000	81.5057
579.8000	81.3357
579.7000	81.2099
579.6000	81.0944
579.5000	80.7592
579.4000	80.6211
579.3000	80.4248
579.2000	80.2199
579.1000	79.915
579.0000	79.7095
578.9000	79.4765
578.8000	79.1924
578.7000	78.7121
578.6000	78.4993
578.5000	78.1727
578.4000	77.8498
578.3000	77.5495
578.2000	77.3333
578.1000	77.0855
578.0000	76.8566
577.9000	76.6635
577.8000	76.3708
577.7000	76.1218
577.6000	75.9274
577.5000	75.7071
577.4000	75.3527
577.3000	75.1373
577.2000	74.8161
577.1000	74.555
577.0000	74.3669
576.9000	74.1822
576.8000	73.9416
576.7000	73.8076
576.6000	73.6801
576.5000	73.6616
576.4000	73.4269
576.3000	73.3892
576.2000	73.2192
576.1000	73.1723
576.0000	73.0581
575.9000	72.9385
575.8000	72.8424
575.7000	72.8898
575.6000	72.8295
575.5000	72.7907
575.4000	72.762
575.3000	72.7213
575.2000	72.8139
575.1000	72.8098
575.0000	72.8979
574.9000	72.9968
574.8000	73.0789
574.7000	73.2251
574.6000	73.3824
574.5000	73.4384
574.4000	73.656
574.3000	73.8176
574.2000	73.9012
574.1000	74.0798
574.0000	74.2555
573.9000	74.3983
573.8000	74.5599
573.7000	74.7131
573.6000	74.9471
573.5000	75.1306
573.4000	75.3193
573.3000	75.6771
573.2000	75.8792
573.1000	76.2519
573.0000	76.5113
572.9000	76.8572
572.8000	77.0436
572.7000	77.2336
572.6000	77.527
572.5000	77.7859
572.4000	77.9996
572.3000	78.4099
572.2000	78.5399
572.1000	78.9938
572.0000	79.2253
571.9000	79.5078
571.8000	79.7713
571.7000	79.9883
571.6000	80.1359
571.5000	80.4025
571.4000	80.5931
571.3000	80.8814
571.2000	81.0979
571.1000	81.419
571.0000	81.7684
570.9000	81.9897
570.8000	82.111
570.7000	82.1715
570.6000	82.2725
570.5000	82.3698
570.4000	82.3869
570.3000	82.4125
570.2000	82.4091
570.1000	82.4533
570.0000	82.56
569.9000	82.4532
569.8000	82.5233
569.7000	82.4816
569.6000	82.4411
569.5000	82.2865
569.4000	82.2974
569.3000	82.2687
569.2000	82.1239
569.1000	81.972
569.0000	81.9627
568.9000	81.8823
568.8000	81.8101
568.7000	81.6814
568.6000	81.6125
568.5000	81.4652
568.4000	81.305
568.3000	81.0543
568.2000	80.7105
568.1000	80.3473
568.0000	80.001
567.9000	79.8094
567.8000	79.5711
567.7000	79.3149
567.6000	79.1179
567.5000	78.8618
567.4000	78.7531
567.3000	78.5403
567.2000	78.058
567.1000	77.8967
567.0000	77.5406
566.9000	77.2098
566.8000	76.9011
566.7000	76.6742
566.6000	76.4089
566.5000	76.2455
566.4000	76.0094
566.3000	75.8505
566.2000	75.6355
566.1000	75.36
566.0000	74.9842
565.9000	74.7396
565.8000	74.4393
565.7000	74.1353
565.6000	73.9392
565.5000	73.6938
565.4000	73.6333
565.3000	73.5914
565.2000	73.4878
565.1000	73.3869
565.0000	73.3215
564.9000	73.2211
564.8000	73.1207
564.7000	73.0383
564.6000	73.0094
564.5000	73.042
564.4000	73.0572
564.3000	73.0519
564.2000	73.03
564.1000	73.0544
564.0000	73.0685
563.9000	73.1109
563.8000	73.146
563.7000	73.1993
563.6000	73.2911
563.5000	73.4701
563.4000	73.5564
563.3000	73.7498
563.2000	73.8348
563.1000	73.967
563.0000	74.1694
562.9000	74.2953
562.8000	74.5265
562.7000	74.6703
562.6000	74.9664
562.5000	75.1571
562.4000	75.4187
562.3000	75.6899
562.2000	75.9275
562.1000	76.1626
562.0000	76.458
561.9000	76.6774
561.8000	77.074
561.7000	77.3411
561.6000	77.6795
561.5000	77.9813
561.4000	78.2047
561.3000	78.416
561.2000	78.7299
561.1000	78.9765
561.0000	79.3138
560.9000	79.6048
560.8000	79.9887
560.7000	80.2412
560.6000	80.5623
560.5000	80.7237
560.4000	80.9564
560.3000	81.1047
560.2000	81.342
560.1000	81.4377
560.0000	81.739
559.9000	81.7565
559.8000	81.9881
559.7000	81.9932
559.6000	82.2458
559.5000	82.2954
559.4000	82.3948
559.3000	82.4264
559.2000	82.4104
559.1000	82.4974
559.0000	82.3832
558.9000	82.3251
558.8000	82.4247
558.7000	82.395
558.6000	82.5601
558.5000	82.3384
558.4000	82.3389
558.3000	82.1307
558.2000	81.9849
558.1000	81.7049
558.0000	81.5226
557.9000	81.275
557.8000	81.1958
557.7000	81.0002
557.6000	80.9787
557.5000	80.8209
557.4000	80.5363
557.3000	80.3843
557.2000	80.1875
557.1000	79.7516
557.0000	79.5603
556.9000	79.2206
556.8000	78.9724
556.7000	78.7008
556.6000	78.3671
556.5000	78.085
556.4000	77.7613
556.3000	77.3801
556.2000	77.0922
556.1000	76.8941
556.0000	76.6047
555.9000	76.194
555.8000	75.9685
555.7000	75.7222
555.6000	75.5106
555.5000	75.1835
555.4000	74.886
555.3000	74.6855
555.2000	74.5082
555.1000	74.2671
555.0000	73.9292
554.9000	73.8009
554.8000	73.6657
554.7000	73.4901
554.6000	73.356
554.5000	73.2861
554.4000	73.2226
554.3000	73.2066
554.2000	73.0571
554.1000	72.9848
554.0000	72.8381
553.9000	72.8849
553.8000	72.7531
553.7000	72.7925
553.6000	72.7145
553.5000	72.8653
553.4000	72.877
553.3000	73.006
553.2000	73.0653
553.1000	73.084
553.0000	73.258
552.9000	73.3641
552.8000	73.5519
552.7000	73.7653
552.6000	73.9683
552.5000	74.297
552.4000	74.5432
552.3000	74.6841
552.2000	74.855
552.1000	74.9675
552.0000	75.2096
551.9000	75.5309
551.8000	75.7999
551.7000	76.0024
551.6000	76.392
551.5000	76.7036
551.4000	77.0872
551.3000	77.1776
551.2000	77.5369
551.1000	77.746
551.0000	78.1808
550.9000	78.4591
550.8000	78.7354
550.7000	79.0937
550.6000	79.468
550.5000	79.6704
550.4000	79.8553
550.3000	80.13
550.2000	80.411
550.1000	80.638
550.0000	80.7175
549.9000	81.0198
549.8000	81.2509
549.7000	81.3511
549.6000	81.4719
549.5000	81.6369
549.4000	81.8347
549.3000	81.8762
549.2000	82.0309
549.1000	82.2432
549.0000	82.1807
548.9000	82.3271
548.8000	82.2565
548.7000	82.3757
548.6000	82.3042
548.5000	82.2877
548.4000	82.1835
548.3000	82.0878
548.2000	81.9536
548.1000	81.8687
548.0000	81.7385
547.9000	81.5965
547.8000	81.4292
547.7000	81.2809
547.6000	81.2451
547.5000	80.9897
547.4000	80.6561
547.3000	80.3268
547.2000	79.9583
547.1000	79.6157
547.0000	79.3015
546.9000	79.0008
546.8000	78.831
546.7000	78.4912
546.6000	78.2921
546.5000	78.115
546.4000	77.8696
546.3000	77.6029
546.2000	77.4099
546.1000	77.1205
546.0000	76.9163
545.9000	76.6231
545.8000	76.3965
545.7000	75.9889
545.6000	75.7505
545.5000	75.557
545.4000	75.2821
545.3000	75.0398
545.2000	74.6178
545.1000	74.4183
545.0000	74.2331
544.9000	74.0786
544.8000	73.83
544.7000	73.6299
544.6000	73.4916
544.5000	73.4148
544.4000	73.2455
544.3000	73.0451
544.2000	72.9564
544.1000	72.8566
544.0000	72.8153
543.9000	72.7014
543.8000	72.6317
543.7000	72.673
543.6000	72.7947
543.5000	72.792
543.4000	72.8426
543.3000	72.8914
543.2000	73.0772
543.1000	73.2431
543.0000	73.298
542.9000	73.4214
542.8000	73.4707
542.7000	73.6431
542.6000	73.6539
542.5000	73.9773
542.4000	74.1787
542.3000	74.3773
542.2000	74.6168
542.1000	74.9253
542.0000	75.2634
541.9000	75.5437
541.8000	75.75
541.7000	76.0728
541.6000	76.4123
541.5000	76.7077
541.4000	76.9808
541.3000	77.3209
541.2000	77.6666
541.1000	77.8906
541.0000	78.1853
540.9000	78.4459
540.8000	78.8173
540.7000	79.1342
540.6000	79.4508
540.5000	79.707
540.4000	80.0706
540.3000	80.2753
540.2000	80.5509
540.1000	80.6765
540.0000	80.8238
539.9000	81.0048
539.8000	81.1357
539.7000	81.3533
539.6000	81.4877
539.5000	81.6483
539.4000	81.6931
539.3000	81.8779
539.2000	81.8684
539.1000	82.0279
539.0000	81.9977
538.9000	82.0227
538.8000	82.0241
538.7000	81.9779
538.6000	81.9539
538.5000	81.7397
538.4000	81.6815
538.3000	81.6673
538.2000	81.5885
538.1000	81.3882
538.0000	81.3069
537.9000	81.0945
537.8000	80.9413
537.7000	80.5422
537.6000	80.3192
537.5000	80.0358
537.4000	79.7422
537.3000	79.5593
537.2000	79.2955
537.1000	79.164
537.0000	78.8331
536.9000	78.6262
536.8000	78.3661
536.7000	78.07
536.6000	77.7355
536.5000	77.3552
536.4000	76.978
536.3000	76.7311
536.2000	76.4388
536.1000	76.1099
536.0000	75.9135
535.9000	75.6624
535.8000	75.4987
535.7000	75.1686
535.6000	74.9376
535.5000	74.6243
535.4000	74.4411
535.3000	74.1548
535.2000	73.7825
535.1000	73.6816
535.0000	73.4528
534.9000	73.2777
534.8000	73.1784
534.7000	73.0485
534.6000	73.0205
534.5000	72.9782
534.4000	72.9771
534.3000	72.8382
534.2000	72.781
534.1000	72.7091
534.0000	72.8323
533.9000	72.8578
533.8000	72.9199
533.7000	72.9056
533.6000	73.0085
533.5000	73.0318
533.4000	73.2612
533.3000	73.3153
533.2000	73.3799
533.1000	73.7323
533.0000	73.8612
532.9000	74.2387
532.8000	74.3121
532.7000	74.5484
532.6000	74.6404
532.5000	74.7971
532.4000	74.9897
532.3000	75.3042
532.2000	75.646
532.1000	75.9957
532.0000	76.3733
531.9000	76.8703
531.8000	77.2259
531.7000	77.4377
531.6000	77.745
531.5000	78.0993
531.4000	78.3423
531.3000	78.5374
531.2000	78.7977
531.1000	79.125
531.0000	79.4482
530.9000	79.6796
530.8000	79.8456
530.7000	80.0884
530.6000	80.2531
530.5000	80.5085
530.4000	80.7226
530.3000	80.7908
530.2000	81.1231
530.1000	81.2288
530.0000	81.5148
529.9000	81.6359
529.8000	81.7432
529.7000	81.6957
529.6000	81.7774
529.5000	81.8408
529.4000	81.8902
529.3000	81.822
529.2000	81.7121
529.1000	81.7041
529.0000	81.6361
528.9000	81.5173
528.8000	81.3459
528.7000	81.2395
528.6000	81.1021
528.5000	80.9968
528.4000	80.7777
528.3000	80.5298
528.2000	80.4091
528.1000	80.1586
528.0000	79.8708
527.9000	79.5926
527.8000	79.3712
527.7000	79.1594
527.6000	78.8902
527.5000	78.5933
527.4000	78.2038
527.3000	77.9929
527.2000	77.5317
527.1000	77.15
527.0000	76.9208
526.9000	76.5353
526.8000	76.3579
526.7000	76.058
526.6000	75.7933
526.5000	75.5894
526.4000	75.3478
526.3000	75.0263
526.2000	74.6797
526.1000	74.4715
526.0000	74.1885
525.9000	73.9577
525.8000	73.6732
525.7000	73.5207
525.6000	73.3735
525.5000	73.2425
525.4000	72.979
525.3000	72.8652
525.2000	72.7493
525.1000	72.5931
525.0000	72.5093
524.9000	72.5034
524.8000	72.4235
524.7000	72.478
524.6000	72.6423
524.5000	72.7039
524.4000	72.7724
524.3000	72.9111
524.2000	72.9567
524.1000	73.1598
524.0000	73.1441
523.9000	73.2207
523.8000	73.462
523.7000	73.6314
523.6000	73.9386
523.5000	74.1233
523.4000	74.2961
523.3000	74.674
523.2000	74.8858
523.1000	75.1119
523.0000	75.3776
522.9000	75.7636
522.8000	76.1017
522.7000	76.4774
522.6000	76.8172
522.5000	77.1527
522.4000	77.5386
522.3000	77.798
522.2000	78.0388
522.1000	78.2227
522.0000	78.5791
521.9000	78.8028
521.8000	79.0888
521.7000	79.2803
521.6000	79.4645
521.5000	79.8627
521.4000	80.0898
521.3000	80.4705
521.2000	80.5715
521.1000	80.7233
521.0000	81.1029
520.9000	81.2674
520.8000	81.4249
520.7000	81.5088
520.6000	81.613
520.5000	81.6569
520.4000	81.6701
520.3000	81.6041
520.2000	81.5641
520.1000	81.4706
520.0000	81.4873
519.9000	81.4313
519.8000	81.3626
519.7000	81.2646
519.6000	81.0816
519.5000	80.8019
519.4000	80.6342
519.3000	80.4482
519.2000	80.1823
519.1000	79.9908
519.0000	79.5442
518.9000	79.4193
518.8000	79.2761
518.7000	78.9277
518.6000	78.6707
518.5000	78.4851
518.4000	78.1774
518.3000	77.8113
518.2000	77.3244
518.1000	77.0713
518.0000	76.7811
517.9000	76.3999
517.8000	76.0305
517.7000	75.7257
517.6000	75.5426
517.5000	75.3603
517.4000	75.0756
517.3000	74.6703
517.2000	74.407
517.1000	74.241
517.0000	73.9098
516.9000	73.6843
516.8000	73.2825
516.7000	73.1313
516.6000	73.0593
516.5000	72.9391
516.4000	72.6938
516.3000	72.5619
516.2000	72.5379
516.1000	72.4249
516.0000	72.3796
515.9000	72.3574
515.8000	72.1964
515.7000	72.3472
515.6000	72.3928
515.5000	72.4898
515.4000	72.668
515.3000	72.776
515.2000	73.0261
515.1000	73.023
515.0000	73.2564
514.9000	73.531
514.8000	73.6735
514.7000	73.9658
514.6000	74.0696
514.5000	74.429
514.4000	74.6614
514.3000	74.946
514.2000	75.2704
514.1000	75.4573
514.0000	75.8118
513.9000	76.0854
513.8000	76.5079
513.7000	76.7168
513.6000	77.0751
513.5000	77.4373
513.4000	77.8129
513.3000	78.1652
513.2000	78.4493
513.1000	78.8294
513.0000	79.1628
512.9000	79.4243
512.8000	79.7771
512.7000	79.7529
512.6000	80.0052
512.5000	80.1117
512.4000	80.3749
512.3000	80.4956
512.2000	80.6181
512.1000	80.8089
512.0000	80.9788
511.9000	81.123
511.8000	81.0893
511.7000	81.0393
511.6000	81.1101
511.5000	81.1954
511.4000	81.2419
511.3000	81.1987
511.2000	81.2553
511.1000	81.1467
511.0000	81.0676
510.9000	80.8627
510.8000	80.6982
510.7000	80.4594
510.6000	80.2697
510.5000	80.1152
510.4000	79.9456
510.3000	79.6321
510.2000	79.2949
510.1000	79.0141
510.0000	78.6459
509.9000	78.3262
509.8000	77.9908
509.7000	77.7024
509.6000	77.4029
509.5000	77.0638
509.4000	76.7055
509.3000	76.3379
509.2000	76.068
509.1000	75.6187
509.0000	75.235
508.9000	74.9532
508.8000	74.7442
508.7000	74.4508
508.6000	74.1825
508.5000	73.8891
508.4000	73.7323
508.3000	73.52
508.2000	73.3334
508.1000	73.0395
508.0000	72.9078
507.9000	72.8481
507.8000	72.7971
507.7000	72.7307
507.6000	72.553
507.5000	72.5798
507.4000	72.4791
507.3000	72.4239
507.2000	72.4565
507.1000	72.5007
507.0000	72.6468
506.9000	72.7415
506.8000	72.8968
506.7000	73.1253
506.6000	73.3174
506.5000	73.5996
506.4000	73.7481
506.3000	74.0681
506.2000	74.3589
506.1000	74.5404
506.0000	74.9307
505.9000	75.1491
505.8000	75.4358
505.7000	75.6539
505.6000	75.9539
505.5000	76.2948
505.4000	76.6313
505.3000	76.921
505.2000	77.3442
505.1000	77.7567
505.0000	78.0576
504.9000	78.3305
504.8000	78.618
504.7000	78.9024
504.6000	79.1536
504.5000	79.435
504.4000	79.6641
504.3000	79.9259
504.2000	80.1484
504.1000	80.2448
504.0000	80.3984
503.9000	80.5661
503.8000	80.5961
503.7000	80.7202
503.6000	80.9262
503.5000	80.9639
503.4000	80.9824
503.3000	80.9828
503.2000	80.9279
503.1000	80.8677
503.0000	80.8594
502.9000	80.8157
502.8000	80.6896
502.7000	80.5236
502.6000	80.4094
502.5000	80.2196
502.4000	80.0875
502.3000	79.7843
502.2000	79.5505
502.1000	79.4089
502.0000	79.198
501.9000	78.8696
501.8000	78.529
501.7000	78.3506
501.6000	77.8995
501.5000	77.4585
501.4000	77.0179
501.3000	76.73
501.2000	76.3869
501.1000	76.0062
501.0000	75.7085
500.9000	75.4332
500.8000	75.0226
500.7000	74.6419
500.6000	74.342
500.5000	74.1387
500.4000	73.8882
500.3000	73.5979
500.2000	73.3849
500.1000	73.292
500.0000	73.1
499.9000	72.975
499.8000	72.8296
499.7000	72.6616
499.6000	72.5614
499.5000	72.4926
499.4000	72.3352
499.3000	72.4234
499.2000	72.3385
499.1000	72.476
499.0000	72.5841
498.9000	72.7126
498.8000	72.9535
498.7000	73.0625
498.6000	73.1495
498.5000	73.312
498.4000	73.5831
498.3000	73.7866
498.2000	74.0637
498.1000	74.2161
498.0000	74.544
497.9000	74.7186
497.8000	75.0167
497.7000	75.1548
497.6000	75.4326
497.5000	75.77
497.4000	76.1796
497.3000	76.4621
497.2000	76.897
497.1000	77.3136
497.0000	77.6896
496.9000	77.9661
496.8000	78.2843
496.7000	78.6421
496.6000	78.9539
496.5000	79.3143
496.4000	79.4952
496.3000	79.6999
496.2000	79.9813
496.1000	80.0313
496.0000	80.2238
495.9000	80.3847
495.8000	80.4791
495.7000	80.7182
495.6000	80.7803
495.5000	80.8398
495.4000	80.8582
495.3000	80.7918
495.2000	80.7212
495.1000	80.7462
495.0000	80.5739
494.9000	80.5258
494.8000	80.623
494.7000	80.3861
494.6000	80.2229
494.5000	80.0135
494.4000	79.7227
494.3000	79.5292
494.2000	79.2532
494.1000	79.0402
494.0000	78.9141
493.9000	78.4618
493.8000	78.0817
493.7000	77.7508
493.6000	77.3143
493.5000	76.9327
493.4000	76.5228
493.3000	76.1804
493.2000	75.864
493.1000	75.6137
493.0000	75.2029
492.9000	74.9443
492.8000	74.7068
492.7000	74.3706
492.6000	74.1507
492.5000	73.8715
492.4000	73.7282
492.3000	73.459
492.2000	73.3243
492.1000	73.1199
492.0000	72.9352
491.9000	72.8765
491.8000	72.669
491.7000	72.5761
491.6000	72.5146
491.5000	72.303
491.4000	72.1994
491.3000	72.317
491.2000	72.3046
491.1000	72.3983
491.0000	72.4673
490.9000	72.7394
490.8000	73.0172
490.7000	73.2315
490.6000	73.3025
490.5000	73.6759
490.4000	73.8916
490.3000	74.1683
490.2000	74.5252
490.1000	74.7633
490.0000	75.1672
489.9000	75.5533
489.8000	75.8579
489.7000	76.2974
489.6000	76.5087
489.5000	76.7778
489.4000	77.1264
489.3000	77.3707
489.2000	77.7553
489.1000	78.0114
489.0000	78.2928
488.9000	78.6696
488.8000	78.956
488.7000	79.2634
488.6000	79.4786
488.5000	79.784
488.4000	79.9855
488.3000	80.1217
488.2000	80.2718
488.1000	80.3608
488.0000	80.4423
487.9000	80.3543
487.8000	80.3725
487.7000	80.4411
487.6000	80.4715
487.5000	80.4626
487.4000	80.4032
487.3000	80.2941
487.2000	80.2196
487.1000	80.1664
487.0000	79.9915
486.9000	79.6769
486.8000	79.4706
486.7000	79.2019
486.6000	78.9823
486.5000	78.7232
486.4000	78.4448
486.3000	78.1681
486.2000	77.7539
486.1000	77.4457
486.0000	77.1382
485.9000	76.6742
485.8000	76.3137
485.7000	75.9511
485.6000	75.6233
485.5000	75.2869
485.4000	74.9829
485.3000	74.786
485.2000	74.4089
485.1000	74.1703
485.0000	73.926
484.9000	73.7136
484.8000	73.47
484.7000	73.2672
484.6000	72.9716
484.5000	72.8933
484.4000	72.701
484.3000	72.6214
484.2000	72.5816
484.1000	72.5319
484.0000	72.4951
483.9000	72.6191
483.8000	72.6759
483.7000	72.7341
483.6000	72.7578
483.5000	72.8347
483.4000	72.8576
483.3000	72.9979
483.2000	73.0811
483.1000	73.2104
483.0000	73.522
482.9000	73.6734
482.8000	73.9572
482.7000	74.3118
482.6000	74.7092
482.5000	75.0671
482.4000	75.4267
482.3000	75.8204
482.2000	76.3122
482.1000	76.7393
482.0000	77.0611
481.9000	77.2623
481.8000	77.5821
481.7000	77.8781
481.6000	78.1988
481.5000	78.3561
481.4000	78.6091
481.3000	78.9409
481.2000	79.1964
481.1000	79.4575
481.0000	79.5325
480.9000	79.6152
480.8000	79.7492
480.7000	79.8235
480.6000	79.9294
480.5000	80.0001
480.4000	80.151
480.3000	80.2343
480.2000	80.3122
480.1000	80.3087
480.0000	80.2251
479.9000	80.2462
479.8000	80.0933
479.7000	79.894
479.6000	79.6617
479.5000	79.6
479.4000	79.3745
479.3000	79.0242
479.2000	78.856
479.1000	78.587
479.0000	78.1976
478.9000	77.8641
478.8000	77.5602
478.7000	77.2112
478.6000	76.8322
478.5000	76.3736
478.4000	75.9836
478.3000	75.6545
478.2000	75.323
478.1000	74.9584
478.0000	74.6799
477.9000	74.4324
477.8000	74.0786
477.7000	73.6888
477.6000	73.307
477.5000	73.1463
477.4000	72.864
477.3000	72.7348
477.2000	72.6382
477.1000	72.5266
477.0000	72.4522
476.9000	72.3835
476.8000	72.3869
476.7000	72.2942
476.6000	72.2277
476.5000	72.3318
476.4000	72.4462
476.3000	72.6677
476.2000	72.7221
476.1000	72.8096
476.0000	73.1737
475.9000	73.3058
475.8000	73.4917
475.7000	73.8131
475.6000	74.0457
475.5000	74.3079
475.4000	74.6796
475.3000	75.0549
475.2000	75.3111
475.1000	75.4992
475.0000	75.9211
474.9000	76.2996
474.8000	76.7274
474.7000	77.112
474.6000	77.3208
474.5000	77.7899
474.4000	78.1226
474.3000	78.3815
474.2000	78.7801
474.1000	78.8838
474.0000	79.1598
473.9000	79.4278
473.8000	79.4541
473.7000	79.6734
473.6000	79.7155
473.5000	79.7658
473.4000	79.8179
473.3000	79.8458
473.2000	79.7534
473.1000	79.7961
473.0000	79.838
472.9000	79.7773
472.8000	79.6028
472.7000	79.4584
472.6000	79.3943
472.5000	79.2087
472.4000	78.9399
472.3000	78.7747
472.2000	78.5488
472.1000	78.3235
472.0000	77.9932
471.9000	77.697
471.8000	77.2962
471.7000	76.843
471.6000	76.5907
471.5000	76.2469
471.4000	75.9445
471.3000	75.6231
471.2000	75.2585
471.1000	75.0788
471.0000	74.5861
470.9000	74.2708
470.8000	73.8695
470.7000	73.4808
470.6000	73.2958
470.5000	73.0283
470.4000	72.7107
470.3000	72.5413
470.2000	72.3111
470.1000	72.2996
470.0000	72.2114
469.9000	72.0678
469.8000	72.1978
469.7000	72.2957
469.6000	72.3889
469.5000	72.4478
469.4000	72.4764
469.3000	72.631
469.2000	72.6852
469.1000	72.8396
469.0000	72.9954
468.9000	73.2435
468.8000	73.4708
468.7000	73.8093
468.6000	74.04
468.5000	74.316
468.4000	74.5589
468.3000	74.8172
468.2000	75.2007
468.1000	75.5448
468.0000	75.9635
467.9000	76.4348
467.8000	76.8171
467.7000	77.2749
467.6000	77.6112
467.5000	77.8856
467.4000	78.1102
467.3000	78.4158
467.2000	78.7173
467.1000	78.7935
467.0000	79.1355
466.9000	79.3287
466.8000	79.5891
466.7000	79.6202
466.6000	79.7537
466.5000	79.863
466.4000	79.7989
466.3000	79.7465
466.2000	79.7228
466.1000	79.5632
466.0000	79.3482
465.9000	79.2045
465.8000	78.9855
465.7000	78.7366
465.6000	78.6215
465.5000	78.4016
465.4000	78.1333
465.3000	77.8629
465.2000	77.7529
465.1000	77.4671
465.0000	76.9942
464.9000	76.5988
464.8000	76.2395
464.7000	76.0604
464.6000	75.5612
464.5000	75.1615
464.4000	74.8094
464.3000	74.4689
464.2000	74.1139
464.1000	73.7456
464.0000	73.4587
463.9000	73.2344
463.8000	73.0025
463.7000	72.8809
463.6000	72.6901
463.5000	72.5349
463.4000	72.3127
463.3000	72.2787
463.2000	72.3548
463.1000	72.2643
463.0000	72.2122
462.9000	72.2993
462.8000	72.3734
462.7000	72.4423
462.6000	72.4393
462.5000	72.6293
462.4000	72.9086
462.3000	73.0946
462.2000	73.3705
462.1000	73.6593
462.0000	74.0916
461.9000	74.2995
461.8000	74.6544
461.7000	75.0842
461.6000	75.4892
461.5000	75.8588
461.4000	76.1237
461.3000	76.6418
461.2000	76.9262
461.1000	77.1779
461.0000	77.4646
460.9000	77.7471
460.8000	78.158
460.7000	78.3649
460.6000	78.5837
460.5000	78.7788
460.4000	79.0033
460.3000	79.2225
460.2000	79.2976
460.1000	79.474
460.0000	79.5217
459.9000	79.6278
459.8000	79.691
459.7000	79.6682
459.6000	79.5552
459.5000	79.3926
459.4000	79.1542
459.3000	78.9172
459.2000	78.7334
459.1000	78.5386
459.0000	78.2813
458.9000	78.0672
458.8000	77.7412
458.7000	77.5865
458.6000	77.3153
458.5000	76.9957
458.4000	76.6192
458.3000	76.2529
458.2000	75.7617
458.1000	75.351
458.0000	74.9225
457.9000	74.5152
457.8000	74.1827
457.7000	73.9218
457.6000	73.6466
457.5000	73.4117
457.4000	73.2051
457.3000	73.0142
457.2000	72.7504
457.1000	72.6513
457.0000	72.4204
456.9000	72.3674
456.8000	72.2405
456.7000	72.2316
456.6000	72.172
456.5000	72.1949
456.4000	72.2438
456.3000	72.4071
456.2000	72.4594
456.1000	72.586
456.0000	72.7551
455.9000	73.0343
455.8000	73.3397
455.7000	73.6276
455.6000	73.8604
455.5000	74.2257
455.4000	74.5895
455.3000	74.8944
455.2000	75.1194
455.1000	75.4147
455.0000	75.811
454.9000	76.1389
454.8000	76.4489
454.7000	76.7469
454.6000	77.2391
454.5000	77.5462
454.4000	77.7912
454.3000	78.1439
454.2000	78.4049
454.1000	78.7068
454.0000	78.8368
453.9000	79.0554
453.8000	79.0824
453.7000	79.2265
453.6000	79.176
453.5000	79.127
453.4000	79.184
453.3000	78.9942
453.2000	78.8704
453.1000	78.7803
453.0000	78.4964
452.9000	78.3902
452.8000	78.0415
452.7000	77.7797
452.6000	77.4176
452.5000	77.1412
452.4000	76.8648
452.3000	76.525
452.2000	76.2675
452.1000	75.9194
452.0000	75.5009
451.9000	75.0051
451.8000	74.6416
451.7000	74.2763
451.6000	73.8985
451.5000	73.5872
451.4000	73.3326
451.3000	73.0656
451.2000	72.7855
451.1000	72.3944
451.0000	72.007
450.9000	71.8105
450.8000	71.722
450.7000	71.7512
450.6000	71.7066
450.5000	71.8433
450.4000	71.9743
450.3000	72.1552
450.2000	72.4232
450.1000	72.6708
450.0000	72.8456
449.9000	73.1536
449.8000	73.3971
449.7000	73.8538
449.6000	73.9734
449.5000	74.1411
449.4000	74.4474
449.3000	74.7347
449.2000	75.194
449.1000	75.5359
449.0000	75.8897
448.9000	76.2668
448.8000	76.6545
448.7000	76.8876
448.6000	77.2242
448.5000	77.3152
448.4000	77.637
448.3000	77.7902
448.2000	77.9861
448.1000	78.4023
448.0000	78.4832
447.9000	78.6946
447.8000	78.8889
447.7000	79.0035
447.6000	79.0518
447.5000	78.9997
447.4000	78.8616
447.3000	78.9338
447.2000	78.7142
447.1000	78.4891
447.0000	78.2659
446.9000	77.9536
446.8000	77.7822
446.7000	77.4398
446.6000	77.054
446.5000	76.7787
446.4000	76.376
446.3000	75.9685
446.2000	75.6369
446.1000	75.1754
446.0000	74.9122
445.9000	74.4578
445.8000	74.1174
445.7000	73.8679
445.6000	73.5559
445.5000	73.2674
445.4000	72.9746
445.3000	72.7306
445.2000	72.5391
445.1000	72.3015
445.0000	72.1872
444.9000	72.0273
444.8000	72.0888
444.7000	72.053
444.6000	72.0727
444.5000	72.1121
444.4000	72.0671
444.3000	72.0508
444.2000	72.0948
444.1000	72.4116
444.0000	72.6361
443.9000	72.968
443.8000	73.258
443.7000	73.4868
443.6000	73.9443
443.5000	74.3166
443.4000	74.5485
443.3000	74.8828
443.2000	75.1176
443.1000	75.5551
443.0000	76.0093
442.9000	76.4463
442.8000	76.9115
442.7000	77.2545
442.6000	77.6908
442.5000	78.0323
442.4000	78.2616
442.3000	78.3137
442.2000	78.4161
442.1000	78.567
442.0000	78.5948
441.9000	78.6363
441.8000	78.7117
441.7000	78.7468
441.6000	78.5428
441.5000	78.4808
441.4000	78.3488
441.3000	78.182
441.2000	77.7258
441.1000	77.4607
441.0000	77.2631
440.9000	77.1061
440.8000	76.9697
440.7000	76.415
440.6000	76.1614
440.5000	75.6774
440.4000	75.0833
440.3000	74.8294
440.2000	74.3927
440.1000	73.9708
440.0000	73.7126
439.9000	73.4498
439.8000	73.3359
439.7000	72.9316
439.6000	72.5974
439.5000	72.3386
439.4000	72.0711
439.3000	71.9422
439.2000	71.8366
439.1000	71.7477
439.0000	71.8343
438.9000	71.9234
438.8000	71.8884
438.7000	72.2018
438.6000	72.244
438.5000	72.354
438.4000	72.5679
438.3000	72.799
438.2000	73.0886
438.1000	73.301
438.0000	73.7091
437.9000	74.0527
437.8000	74.5754
437.7000	74.9941
437.6000	75.2454
437.5000	75.5091
437.4000	75.8631
437.3000	76.1841
437.2000	76.3221
437.1000	76.5775
437.0000	76.6396
436.9000	76.9555
436.8000	77.2667
436.7000	77.5645
436.6000	77.696
436.5000	77.9396
436.4000	78.2379
436.3000	78.2386
436.2000	78.3253
436.1000	78.2356
436.0000	78.1015
435.9000	78.1507
435.8000	78.0289
435.7000	77.8277
435.6000	77.6452
435.5000	77.3841
435.4000	77.1556
435.3000	76.8732
435.2000	76.464
435.1000	76.063
435.0000	75.7903
434.9000	75.3283
434.8000	74.8702
434.7000	74.3469
434.6000	74.1007
434.5000	73.6624
434.4000	73.1889
434.3000	72.8997
434.2000	72.6398
434.1000	72.4367
434.0000	72.2419
433.9000	71.9724
433.8000	71.833
433.7000	71.7521
433.6000	71.5712
433.5000	71.6693
433.4000	71.7075
433.3000	71.8111
433.2000	72.008
433.1000	72.1225
433.0000	72.3744
432.9000	72.5962
432.8000	72.8784
432.7000	73.2254
432.6000	73.4752
432.5000	73.8614
432.4000	74.2728
432.3000	74.6923
432.2000	75.0121
432.1000	75.4129
432.0000	75.7914
431.9000	76.0965
431.8000	76.2482
431.7000	76.6523
431.6000	76.9322
431.5000	77.2122
431.4000	77.5053
431.3000	77.7112
431.2000	77.9584
431.1000	78.0282
431.0000	78.0732
430.9000	78.1105
430.8000	78.1334
430.7000	77.7614
430.6000	77.7048
430.5000	77.4771
430.4000	77.3187
430.3000	77.0358
430.2000	76.7924
430.1000	76.5737
430.0000	76.3596
429.9000	76.0565
429.8000	75.6047
429.7000	75.1486
429.6000	74.7974
429.5000	74.4027
429.4000	73.9379
429.3000	73.507
429.2000	73.2
429.1000	72.9081
429.0000	72.5871
428.9000	72.3618
428.8000	72.0766
428.7000	71.8154
428.6000	71.7098
428.5000	71.7025
428.4000	71.5902
428.3000	71.4349
428.2000	71.4433
428.1000	71.5494
428.0000	71.6499
427.9000	71.8314
427.8000	72.0155
427.7000	72.2003
427.6000	72.5098
427.5000	72.8967
427.4000	73.2443
427.3000	73.6037
427.2000	73.9494
427.1000	74.3219
427.0000	74.6885
426.9000	75.0382
426.8000	75.2001
426.7000	75.5227
426.6000	75.8597
426.5000	76.2264
426.4000	76.5717
426.3000	76.7154
426.2000	77.0424
426.1000	77.2638
426.0000	77.3563
425.9000	77.3523
425.8000	77.3471
425.7000	77.5114
425.6000	77.3804
425.5000	77.3707
425.4000	77.2951
425.3000	77.2173
425.2000	76.9508
425.1000	76.573
425.0000	76.4304
424.9000	76.194
424.8000	75.8806
424.7000	75.519
424.6000	75.3021
424.5000	74.9016
424.4000	74.4566
424.3000	73.9558
424.2000	73.6194
424.1000	73.2853
424.0000	72.9305
423.9000	72.5728
423.8000	72.2908
423.7000	72.0225
423.6000	71.664
423.5000	71.594
423.4000	71.5197
423.3000	71.3291
423.2000	71.4146
423.1000	71.3502
423.0000	71.5182
422.9000	71.6905
422.8000	71.6793
422.7000	71.9053
422.6000	72.2111
422.5000	72.5295
422.4000	72.7845
422.3000	73.16
422.2000	73.6495
422.1000	74.0331
422.0000	74.257
421.9000	74.6719
421.8000	75.2105
421.7000	75.615
421.6000	75.8957
421.5000	76.3284
421.4000	76.6297
421.3000	76.8533
421.2000	77.0808
421.1000	77.2189
421.0000	77.244
420.9000	77.2871
420.8000	77.2914
420.7000	77.3648
420.6000	77.3248
420.5000	77.1549
420.4000	77.0133
420.3000	76.7628
420.2000	76.5085
420.1000	76.1647
420.0000	75.7367
419.9000	75.5311
419.8000	75.0736
419.7000	74.7238
419.6000	74.5139
419.5000	74.2041
419.4000	73.7622
419.3000	73.3023
419.2000	73.0846
419.1000	72.688
419.0000	72.4507
418.9000	72.0165
418.8000	71.7221
418.7000	71.4655
418.6000	71.286
418.5000	71.0796
418.4000	71.0884
418.3000	71.0455
418.2000	71.1388
418.1000	71.4878
418.0000	71.8201
417.9000	72.1788
417.8000	72.3955
417.7000	72.6055
417.6000	72.9657
417.5000	73.1784
417.4000	73.396
417.3000	73.623
417.2000	74.1144
417.1000	74.2564
417.0000	74.5995
416.9000	74.9778
416.8000	75.3548
416.7000	75.7329
416.6000	76.0823
416.5000	76.5675
416.4000	76.7146
416.3000	77.0129
416.2000	76.9634
416.1000	76.9198
416.0000	76.7479
415.9000	76.7245
415.8000	76.6879
415.7000	76.4214
415.6000	76.1943
415.5000	75.9685
415.4000	75.8471
415.3000	75.4289
415.2000	74.823
415.1000	74.5052
415.0000	74.078
414.9000	73.6345
414.8000	73.1305
414.7000	72.9288
414.6000	72.9491
414.5000	72.6128
414.4000	72.4871
414.3000	72.0898
414.2000	71.9058
414.1000	71.5386
414.0000	71.1752
413.9000	70.9763
413.8000	70.9685
413.7000	70.9147
413.6000	71.1899
413.5000	71.3191
413.4000	71.5253
413.3000	71.7172
413.2000	71.908
413.1000	72.0907
413.0000	72.2428
412.9000	72.606
412.8000	72.8681
412.7000	73.2638
412.6000	73.5102
412.5000	73.9405
412.4000	74.3483
412.3000	74.7351
412.2000	74.9766
412.1000	75.2896
412.0000	75.5563
411.9000	76.0073
411.8000	76.1812
411.7000	76.4829
411.6000	76.5586
411.5000	76.7114
411.4000	76.5401
411.3000	76.2299
411.2000	76.214
411.1000	76.1766
411.0000	75.5034
410.9000	75.3223
410.8000	75.0895
410.7000	74.795
410.6000	74.4174
410.5000	74.0111
410.4000	73.6267
410.3000	73.4609
410.2000	72.9035
410.1000	72.5892
410.0000	72.1976
409.9000	71.705
409.8000	71.3399
409.7000	71.1179
409.6000	70.906
409.5000	70.7317
409.4000	70.6229
409.3000	70.6749
409.2000	70.7999
409.1000	70.92
409.0000	70.9976
408.9000	71.2702
408.8000	71.649
408.7000	71.7793
408.6000	72.0323
408.5000	72.4897
408.4000	72.7196
408.3000	73.187
408.2000	73.1745
408.1000	73.7491
408.0000	74.1549
407.9000	74.4609
407.8000	74.7068
407.7000	74.8992
407.6000	75.4882
407.5000	75.7793
407.4000	75.9065
407.3000	76.1315
407.2000	76.5434
407.1000	76.4885
407.0000	76.2097
406.9000	75.9846
406.8000	75.8826
406.7000	75.6786
406.6000	75.3555
406.5000	74.8403
406.4000	74.5254
406.3000	74.0258
406.2000	73.7463
406.1000	73.3162
406.0000	72.9257
405.9000	72.4842
405.8000	72.1318
405.7000	71.6934
405.6000	71.5328
405.5000	71.1673
405.4000	70.8779
405.3000	70.6549
405.2000	70.4416
405.1000	70.5691
405.0000	70.3661
404.9000	70.4013
404.8000	70.4394
404.7000	70.638
404.6000	71.1339
404.5000	71.511
404.4000	71.8544
404.3000	72.0883
404.2000	72.6012
404.1000	73.0203
404.0000	73.3508
403.9000	73.8168
403.8000	74.2812
403.7000	74.8481
403.6000	75.0614
403.5000	75.2614
403.4000	75.485
403.3000	75.4705
403.2000	75.4401
403.1000	75.3803
403.0000	75.1737
402.9000	75.3556
402.8000	75.2057
402.7000	74.8975
402.6000	74.6964
402.5000	74.3051
402.4000	74.1904
402.3000	73.9259
402.2000	73.4028
402.1000	73.0436
402.0000	72.7357
401.9000	72.3717
401.8000	71.9139
401.7000	71.6469
401.6000	71.4294
401.5000	71.3134
401.4000	71.0571
401.3000	70.9688
401.2000	70.9441
401.1000	70.7693
401.0000	70.471
400.9000	70.464
400.8000	70.3388
400.7000	70.3862
400.6000	70.5398
400.5000	70.7783
400.4000	71.0082
400.3000	71.5136
400.2000	71.8681
400.1000	72.361
400.0000	72.8354
399.9000	73.3637
399.8000	73.582
399.7000	73.8034
399.6000	73.8642
399.5000	74.13
399.4000	74.4529
399.3000	74.6413
399.2000	74.8141
399.1000	75.012
399.0000	75.1633
398.9000	75.1781
398.8000	75.001
398.7000	74.6133
398.6000	74.3944
398.5000	73.997
398.4000	73.4623
398.3000	72.9907
398.2000	72.487
398.1000	71.9335
398.0000	71.4542
397.9000	71.1103
397.8000	70.9293
397.7000	70.617
397.6000	70.4476
397.5000	70.4612
397.4000	70.3445
397.3000	70.2738
397.2000	70.0597
397.1000	70.0698
397.0000	70.0775
396.9000	70.186
396.8000	70.1915
396.7000	70.3866
396.6000	70.7149
396.5000	71.2969
396.4000	71.5952
396.3000	72.165
396.2000	72.428
396.1000	72.9098
396.0000	73.2555
395.9000	73.5356
395.8000	73.6475
395.7000	73.799
395.6000	73.8953
395.5000	73.9462
395.4000	74.0763
395.3000	74.2586
395.2000	74.3637
395.1000	74.2486
395.0000	74.1849
394.9000	74.1522
394.8000	73.8226
394.7000	73.493
394.6000	73.0701
394.5000	72.5197
394.4000	72.0816
394.3000	71.5914
394.2000	71.1452
394.1000	70.8016
394.0000	70.3972
393.9000	70.3067
393.8000	69.9472
393.7000	69.7391
393.6000	69.7419
393.5000	69.7258
393.4000	69.5439
393.3000	69.5999
393.2000	69.9897
393.1000	70.2638
393.0000	70.3861
392.9000	70.8862
392.8000	71.2183
392.7000	71.7856
392.6000	71.9395
392.5000	72.1906
392.4000	72.5894
392.3000	72.7831
392.2000	73.1879
392.1000	73.7264
392.0000	73.8623
391.9000	73.9857
391.8000	73.9584
391.7000	74.0559
391.6000	73.8485
391.5000	73.346
391.4000	72.9309
391.3000	72.6576
391.2000	72.4657
391.1000	71.8786
391.0000	71.5876
390.9000	71.1293
390.8000	70.744
390.7000	70.4451
390.6000	69.9167
390.5000	69.4272
390.4000	69.1583
390.3000	69.0927
390.2000	68.9404
390.1000	68.9404
390.0000	68.9136
389.9000	69.2331
389.8000	69.5273
389.7000	69.7575
389.6000	69.957
389.5000	70.2599
389.4000	70.5994
389.3000	70.8148
389.2000	71.171
389.1000	71.5719
389.0000	71.8108
388.9000	72.1912
388.8000	72.3844
388.7000	72.5451
388.6000	72.7297
388.5000	72.8811
388.4000	72.5862
388.3000	72.4496
388.2000	72.4787
388.1000	72.4865
388.0000	72.277
387.9000	71.7305
387.8000	71.5553
387.7000	71.2528
387.6000	70.9233
387.5000	70.5714
387.4000	70.0367
387.3000	69.8851
387.2000	69.6399
387.1000	69.3452
387.0000	69.0831
386.9000	68.9471
386.8000	68.8808
386.7000	68.9166
386.6000	68.9844
386.5000	69.1895
386.4000	69.3445
386.3000	69.3463
386.2000	69.4687
386.1000	69.6213
386.0000	69.9067
385.9000	70.4824
385.8000	70.7837
385.7000	70.9688
385.6000	71.3089
385.5000	71.7249
385.4000	72.021
385.3000	72.1782
385.2000	72.2728
385.1000	72.3667
385.0000	72.4659
384.9000	72.0412
384.8000	71.7729
384.7000	71.3208
384.6000	70.8933
384.5000	70.4027
384.4000	70.0494
384.3000	69.688
384.2000	69.3137
384.1000	69.0148
384.0000	68.7146
383.9000	68.3784
383.8000	68.2917
383.7000	68.0064
383.6000	67.8248
383.5000	68.0113
383.4000	68.2397
383.3000	68.392
383.2000	68.779
383.1000	69.4854
383.0000	69.8797
382.9000	70.357
382.8000	70.5136
382.7000	70.768
382.6000	70.9142
382.5000	71.1404
382.4000	71.0596
382.3000	71.0718
382.2000	71.0773
382.1000	71.0745
382.0000	71.0235
381.9000	70.7355
381.8000	70.5168
381.7000	70.343
381.6000	70.0262
381.5000	69.6742
381.4000	69.0457
381.3000	68.6009
381.2000	67.8652
381.1000	67.2598
381.0000	66.8815
380.9000	66.688
380.8000	66.7611
380.7000	66.8588
380.6000	66.8862
380.5000	67.1733
380.4000	67.5791
380.3000	68.2361
380.2000	68.6226
380.1000	68.9842
380.0000	69.3666
379.9000	69.7174
379.8000	70.2083
379.7000	70.3537
379.6000	70.3135
379.5000	70.3582
379.4000	70.3949
379.3000	70.4724
379.2000	70.1823
379.1000	69.6368
379.0000	69.3174
378.9000	69.0441
378.8000	68.7425
378.7000	68.3233
378.6000	67.8372
378.5000	67.4923
378.4000	66.9983
378.3000	66.668
378.2000	66.3846
378.1000	66.054
378.0000	66.0724
377.9000	66.1902
377.8000	66.6967
377.7000	66.8676
377.6000	67.2366
377.5000	67.694
377.4000	67.8351
377.3000	68.1346
377.2000	68.1413
377.1000	68.5285
377.0000	68.4405
376.9000	68.3042
376.8000	68.2893
376.7000	68.1422
376.6000	68.0404
376.5000	67.8327
376.4000	67.5053
376.3000	67.2473
376.2000	66.9802
376.1000	66.6037
376.0000	66.0317
375.9000	65.7123
375.8000	65.4852
375.7000	65.0829
375.6000	64.9597
375.5000	64.8368
375.4000	64.7903
375.3000	64.9208
375.2000	64.9467
375.1000	65.2083
375.0000	65.3786
374.9000	65.7143
374.8000	65.9467
374.7000	66.0811
374.6000	66.3427
374.5000	66.6085
374.4000	66.1499
374.3000	66.0608
374.2000	65.7605
374.1000	65.2383
374.0000	64.9616
373.9000	64.3995
373.8000	63.9791
373.7000	63.5945
373.6000	63.0399
373.5000	62.7852
373.4000	62.4962
373.3000	62.2349
373.2000	62.1762
373.1000	61.8493
373.0000	61.829
372.9000	61.8095
372.8000	61.7529
372.7000	61.668
372.6000	61.7921
372.5000	61.7722
372.4000	61.6492
372.3000	61.5261
372.2000	61.2841
372.1000	61.2021
372.0000	60.5128
371.9000	59.7972
371.8000	59.1089
371.7000	58.2911
371.6000	57.5862
371.5000	56.7675
371.4000	56.2945
371.3000	55.8347
371.2000	55.4753
371.1000	55.1908
371.0000	55.0004
370.9000	54.5415
370.8000	54.3252
370.7000	53.9024
370.6000	53.513
370.5000	52.7755
370.4000	52.1608
370.3000	51.3338
370.2000	50.5214
370.1000	49.8665
370.0000	49.1669
369.9000	48.2167
369.8000	47.2705
369.7000	46.4036
369.6000	45.1691
369.5000	44.286
369.4000	43.5078
369.3000	42.7696
369.2000	41.8828
369.1000	40.9821
369.0000	40.1738
368.9000	39.2515
368.8000	38.1346
368.7000	36.7828
368.6000	35.7669
368.5000	34.5294
368.4000	33.4758
368.3000	31.9988
368.2000	30.7383
368.1000	29.5642
368.0000	28.4363
367.9000	27.1574
367.8000	25.9893
367.7000	24.7065
367.6000	23.8285
367.5000	22.4996
367.4000	21.1874
367.3000	19.9125
367.2000	18.6835
367.1000	17.5629
367.0000	16.2258
366.9000	14.9978
366.8000	13.9173
366.7000	12.7724
366.6000	11.6626
366.5000	10.6496
366.4000	9.70954
366.3000	8.77112
366.2000	7.92442
366.1000	7.0591
366.0000	6.22889
365.9000	5.47993
365.8000	4.78345
365.7000	4.14499
365.6000	3.48025
365.5000	2.91757
365.4000	2.44169
365.3000	2.02902
365.2000	1.65315
365.1000	1.33614
365.0000	1.07861
364.9000	0.887194
364.8000	0.74648
364.7000	0.605908
364.6000	0.509593
364.5000	0.423923
364.4000	0.349396
364.3000	0.300827
364.2000	0.25468
364.1000	0.206666
364.0000	0.187698
363.9000	0.169024
363.8000	0.155911
363.7000	0.12342
363.6000	0.101746
363.5000	0.0934394
363.4000	0.0942718
363.3000	0.0822352
363.2000	0.0625355
363.1000	0.0648501
363.0000	0.0815948
362.9000	0.0817146
362.8000	0.0866128
362.7000	0.0871433
362.6000	0.102685
362.5000	0.114868
362.4000	0.110399
362.3000	0.0925809
362.2000	0.109848
362.1000	0.112582
362.0000	0.0970807
361.9000	0.0905259
361.8000	0.0758729
361.7000	0.0626238
361.6000	0.0597362
361.5000	0.0568333
361.4000	0.0530519
361.3000	0.065482
361.2000	0.0773009
361.1000	0.100271
361.0000	0.115701
360.9000	0.121328
360.8000	0.121846
360.7000	0.114509
360.6000	0.109146
360.5000	0.111273
360.4000	0.0846924
360.3000	0.0820904
360.2000	0.0907704
360.1000	0.0833473
360.0000	0.0820334
359.9000	0.0798763
359.8000	0.0944184
359.7000	0.0966057
359.6000	0.088789
359.5000	0.0948866
359.4000	0.0945809
359.3000	0.087985
359.2000	0.0784841
359.1000	0.0707657
359.0000	0.0716804
358.9000	0.0853648
358.8000	0.0878635
358.7000	0.0767059
358.6000	0.0705705
358.5000	0.0800676
358.4000	0.084079
358.3000	0.0704674
358.2000	0.0489291
358.1000	0.0526682
358.0000	0.055539
357.9000	0.0581257
357.8000	0.0775843
357.7000	0.0971588
357.6000	0.110078
357.5000	0.0902543
357.4000	0.0974304
357.3000	0.0967798
357.2000	0.0816707
357.1000	0.0694804
357.0000	0.0501456
356.9000	0.0652183
356.8000	0.0678693
356.7000	0.0669606
356.6000	0.0558821
356.5000	0.0573648
356.4000	0.0627571
356.3000	0.062709
356.2000	0.0742068
356.1000	0.0800921
356.0000	0.0925775
355.9000	0.0984857
355.8000	0.104703
355.7000	0.115024
355.6000	0.089419
355.5000	0.0836872
355.4000	0.0936501
355.3000	0.0928748
355.2000	0.108136
355.1000	0.104275
355.0000	0.117997
354.9000	0.130963
354.8000	0.12219
354.7000	0.118075
354.6000	0.105749
354.5000	0.104202
354.4000	0.09197
354.3000	0.0821807
354.2000	0.084154
354.1000	0.0731791
354.0000	0.0727404
353.9000	0.0666104
353.8000	0.0576381
353.7000	0.0536933
353.6000	0.0539896
353.5000	0.0703985
353.4000	0.0628746
353.3000	0.0806539
353.2000	0.0760061
353.1000	0.0925584
353.0000	0.0910747
