2500.0000	82.8118
2499.0000	82.9592
2498.0000	83.1314
2497.0000	83.2239
2496.0000	83.3382
2495.0000	83.3946
2494.0000	83.5591
2493.0000	83.6078
2492.0000	83.6469
2491.0000	83.8067
2490.0000	83.8785
2489.0000	83.9952
2488.0000	84.0908
2487.0000	84.2044
2486.0000	84.3147
2485.0000	84.3837
2484.0000	84.429
2483.0000	84.5078
2482.0000	84.5771
2481.0000	84.6412
2480.0000	84.7406
2479.0000	84.8175
2478.0000	84.8518
2477.0000	84.9242
2476.0000	85.0058
2475.0000	84.9865
2474.0000	84.9313
2473.0000	84.9861
2472.0000	85.0099
2471.0000	85.088
2470.0000	85.1105
2469.0000	85.1475
2468.0000	85.1657
2467.0000	85.1741
2466.0000	85.2281
2465.0000	85.1838
2464.0000	85.1163
2463.0000	85.0506
2462.0000	85.0393
2461.0000	84.9612
2460.0000	84.8677
2459.0000	84.807
2458.0000	84.7396
2457.0000	84.7531
2456.0000	84.6937
2455.0000	84.6213
2454.0000	84.5488
2453.0000	84.4053
2452.0000	84.37
2451.0000	84.2804
2450.0000	84.1513
2449.0000	84.0801
2448.0000	83.848
2447.0000	83.7918
2446.0000	83.6551
2445.0000	83.4504
2444.0000	83.2822
2443.0000	83.1516
2442.0000	83.0249
2441.0000	82.8694
2440.0000	82.7035
2439.0000	82.6005
2438.0000	82.4328
2437.0000	82.297
2436.0000	82.2122
2435.0000	82.0264
2434.0000	81.7799
2433.0000	81.625
2432.0000	81.4126
2431.0000	81.3056
2430.0000	81.1362
2429.0000	80.9026
2428.0000	80.7118
2427.0000	80.5703
2426.0000	80.3251
2425.0000	80.0722
2424.0000	79.9181
2423.0000	79.7727
2422.0000	79.5949
2421.0000	79.4635
2420.0000	79.2425
2419.0000	79.1439
2418.0000	78.9162
2417.0000	78.7374
2416.0000	78.5566
2415.0000	78.3272
2414.0000	78.1648
2413.0000	77.9069
2412.0000	77.7631
2411.0000	77.552
2410.0000	77.3083
2409.0000	77.2115
2408.0000	77.0521
2407.0000	76.9493
2406.0000	76.7483
2405.0000	76.536
2404.0000	76.3665
2403.0000	76.2018
2402.0000	75.9279
2401.0000	75.813
2400.0000	75.6287
2399.0000	75.5043
2398.0000	75.3184
2397.0000	75.1411
2396.0000	75.0307
2395.0000	74.8605
2394.0000	74.6329
2393.0000	74.5929
2392.0000	74.4355
2391.0000	74.2738
2390.0000	74.1904
2389.0000	74.0394
2388.0000	73.8682
2387.0000	73.7285
2386.0000	73.5771
2385.0000	73.4676
2384.0000	73.2617
2383.0000	73.1653
2382.0000	73.1422
2381.0000	72.9949
2380.0000	72.9207
2379.0000	72.8196
2378.0000	72.749
2377.0000	72.5709
2376.0000	72.4328
2375.0000	72.4673
2374.0000	72.3996
2373.0000	72.3102
2372.0000	72.247
2371.0000	72.2645
2370.0000	72.2133
2369.0000	72.1473
2368.0000	72.0576
2367.0000	72.0863
2366.0000	72.0181
2365.0000	71.9972
2364.0000	72.0225
2363.0000	72.0626
2362.0000	72.0007
2361.0000	72.0133
2360.0000	72.0809
2359.0000	72.0499
2358.0000	72.0384
2357.0000	71.9686
2356.0000	72.0188
2355.0000	71.9965
2354.0000	71.9714
2353.0000	72.0433
2352.0000	72.0487
2351.0000	72.0718
2350.0000	72.0906
2349.0000	72.2202
2348.0000	72.263
2347.0000	72.2549
2346.0000	72.3421
2345.0000	72.4187
2344.0000	72.4721
2343.0000	72.5388
2342.0000	72.5884
2341.0000	72.7056
2340.0000	72.8233
2339.0000	72.8394
2338.0000	72.9638
2337.0000	72.9926
2336.0000	73.1287
2335.0000	73.2494
2334.0000	73.3329
2333.0000	73.4082
2332.0000	73.6029
2331.0000	73.7462
2330.0000	73.8316
2329.0000	73.9854
2328.0000	74.1856
2327.0000	74.3601
2326.0000	74.5745
2325.0000	74.718
2324.0000	74.9045
2323.0000	75.0453
2322.0000	75.1686
2321.0000	75.3873
2320.0000	75.4966
2319.0000	75.6354
2318.0000	75.7905
2317.0000	75.9949
2316.0000	76.1671
2315.0000	76.3695
2314.0000	76.624
2313.0000	76.7477
2312.0000	76.9947
2311.0000	77.1596
2310.0000	77.3993
2309.0000	77.628
2308.0000	77.7421
2307.0000	77.9425
2306.0000	78.2063
2305.0000	78.3364
2304.0000	78.62
2303.0000	78.8289
2302.0000	78.984
2301.0000	79.2785
2300.0000	79.4489
2299.0000	79.6702
2298.0000	79.8515
2297.0000	80.0609
2296.0000	80.2361
2295.0000	80.4581
2294.0000	80.7487
2293.0000	80.8809
2292.0000	81.0272
2291.0000	81.1642
2290.0000	81.4315
2289.0000	81.6658
2288.0000	81.8144
2287.0000	82.0309
2286.0000	82.309
2285.0000	82.5552
2284.0000	82.6767
2283.0000	82.8103
2282.0000	82.9105
2281.0000	83.1171
2280.0000	83.3238
2279.0000	83.4621
2278.0000	83.6753
2277.0000	83.8521
2276.0000	83.9547
2275.0000	84.0547
2274.0000	84.2016
2273.0000	84.3488
2272.0000	84.4007
2271.0000	84.4678
2270.0000	84.6977
2269.0000	84.804
2268.0000	84.8652
2267.0000	84.9617
2266.0000	85.0034
2265.0000	85.1406
2264.0000	85.0891
2263.0000	85.1208
2262.0000	85.212
2261.0000	85.2417
2260.0000	85.3093
2259.0000	85.2671
2258.0000	85.3897
2257.0000	85.401
2256.0000	85.4116
2255.0000	85.404
2254.0000	85.3716
2253.0000	85.3643
2252.0000	85.3122
2251.0000	85.1953
2250.0000	85.1606
2249.0000	85.0835
2248.0000	85.014
2247.0000	84.9603
2246.0000	84.8719
2245.0000	84.8915
2244.0000	84.7225
2243.0000	84.6447
2242.0000	84.553
2241.0000	84.404
2240.0000	84.3074
2239.0000	84.1847
2238.0000	83.9595
2237.0000	83.7195
2236.0000	83.5993
2235.0000	83.484
2234.0000	83.361
2233.0000	83.1969
2232.0000	83.0838
2231.0000	83.0218
2230.0000	82.8529
2229.0000	82.6152
2228.0000	82.4091
2227.0000	82.133
2226.0000	81.953
2225.0000	81.6652
2224.0000	81.3871
2223.0000	81.1338
2222.0000	80.8442
2221.0000	80.5987
2220.0000	80.3576
2219.0000	80.1556
2218.0000	79.992
2217.0000	79.792
2216.0000	79.5979
2215.0000	79.4737
2214.0000	79.2383
2213.0000	78.9552
2212.0000	78.7105
2211.0000	78.4947
2210.0000	78.2412
2209.0000	77.988
2208.0000	77.7397
2207.0000	77.4785
2206.0000	77.2731
2205.0000	77.0009
2204.0000	76.7419
2203.0000	76.5457
2202.0000	76.4068
2201.0000	76.1934
2200.0000	75.8854
2199.0000	75.6701
2198.0000	75.5197
2197.0000	75.3287
2196.0000	75.0727
2195.0000	74.866
2194.0000	74.6875
2193.0000	74.4648
2192.0000	74.2807
2191.0000	74.0492
2190.0000	73.925
2189.0000	73.7047
2188.0000	73.557
2187.0000	73.3703
2186.0000	73.2617
2185.0000	73.1218
2184.0000	72.918
2183.0000	72.7369
2182.0000	72.6559
2181.0000	72.4556
2180.0000	72.328
2179.0000	72.2874
2178.0000	72.056
2177.0000	71.9936
2176.0000	71.9127
2175.0000	71.8292
2174.0000	71.8207
2173.0000	71.6955
2172.0000	71.6164
2171.0000	71.642
2170.0000	71.5386
2169.0000	71.4711
2168.0000	71.3511
2167.0000	71.3215
2166.0000	71.2444
2165.0000	71.1768
2164.0000	71.1915
2163.0000	71.1061
2162.0000	71.1829
2161.0000	71.206
2160.0000	71.2099
2159.0000	71.2227
2158.0000	71.2113
2157.0000	71.2362
2156.0000	71.2662
2155.0000	71.3634
2154.0000	71.4031
2153.0000	71.5131
2152.0000	71.6203
2151.0000	71.6461
2150.0000	71.7576
2149.0000	71.8046
2148.0000	71.8707
2147.0000	71.9438
2146.0000	72.0699
2145.0000	72.1671
2144.0000	72.2862
2143.0000	72.4406
2142.0000	72.6126
2141.0000	72.7531
2140.0000	72.9394
2139.0000	73.1021
2138.0000	73.2499
2137.0000	73.4239
2136.0000	73.5712
2135.0000	73.7689
2134.0000	73.9373
2133.0000	74.1204
2132.0000	74.3351
2131.0000	74.5321
2130.0000	74.6724
2129.0000	74.9252
2128.0000	75.1112
2127.0000	75.2386
2126.0000	75.5192
2125.0000	75.8033
2124.0000	76.0075
2123.0000	76.2791
2122.0000	76.5456
2121.0000	76.7679
2120.0000	76.996
2119.0000	77.2668
2118.0000	77.4401
2117.0000	77.7172
2116.0000	77.9624
2115.0000	78.1986
2114.0000	78.4472
2113.0000	78.7496
2112.0000	79.0466
2111.0000	79.3963
2110.0000	79.6308
2109.0000	79.8322
2108.0000	80.1509
2107.0000	80.3897
2106.0000	80.6549
2105.0000	80.8505
2104.0000	81.1578
2103.0000	81.42
2102.0000	81.7159
2101.0000	81.8845
2100.0000	82.1537
2099.0000	82.4675
2098.0000	82.6183
2097.0000	82.829
2096.0000	83.123
2095.0000	83.3121
2094.0000	83.5668
2093.0000	83.7724
2092.0000	83.9135
2091.0000	84.14
2090.0000	84.3069
2089.0000	84.4435
2088.0000	84.6112
2087.0000	84.7648
2086.0000	84.873
2085.0000	85.1361
2084.0000	85.2241
2083.0000	85.285
2082.0000	85.4504
2081.0000	85.4793
2080.0000	85.5688
2079.0000	85.6512
2078.0000	85.6693
2077.0000	85.7694
2076.0000	85.8126
2075.0000	85.7884
2074.0000	85.9291
2073.0000	85.884
2072.0000	85.8616
2071.0000	85.8795
2070.0000	85.8341
2069.0000	85.7833
2068.0000	85.7724
2067.0000	85.6605
2066.0000	85.6026
2065.0000	85.5219
2064.0000	85.4111
2063.0000	85.3304
2062.0000	85.1612
2061.0000	85.0558
2060.0000	84.9168
2059.0000	84.7447
2058.0000	84.5386
2057.0000	84.3807
2056.0000	84.1786
2055.0000	83.9769
2054.0000	83.7337
2053.0000	83.4668
2052.0000	83.3537
2051.0000	83.0904
2050.0000	82.8133
2049.0000	82.6219
2048.0000	82.3672
2047.0000	82.1375
2046.0000	81.8945
2045.0000	81.5418
2044.0000	81.3628
2043.0000	81.0814
2042.0000	80.7906
2041.0000	80.5178
2040.0000	80.234
2039.0000	79.9144
2038.0000	79.7309
2037.0000	79.3472
2036.0000	79.0935
2035.0000	78.9045
2034.0000	78.5195
2033.0000	78.3593
2032.0000	78.0269
2031.0000	77.7267
2030.0000	77.5219
2029.0000	77.1171
2028.0000	76.8838
2027.0000	76.6533
2026.0000	76.2767
2025.0000	76.1112
2024.0000	75.829
2023.0000	75.5943
2022.0000	75.4682
2021.0000	75.1458
2020.0000	74.876
2019.0000	74.7249
2018.0000	74.3925
2017.0000	74.2766
2016.0000	74.0097
2015.0000	73.716
2014.0000	73.6005
2013.0000	73.3666
2012.0000	73.1991
2011.0000	73.0395
2010.0000	72.8179
2009.0000	72.775
2008.0000	72.589
2007.0000	72.4641
2006.0000	72.4033
2005.0000	72.1643
2004.0000	72.153
2003.0000	71.9915
2002.0000	71.8428
2001.0000	71.848
2000.0000	71.7277
1999.0000	71.749
1998.0000	71.6883
1997.0000	71.6373
1996.0000	71.6857
1995.0000	71.5836
1994.0000	71.5432
1993.0000	71.5937
1992.0000	71.5214
1991.0000	71.5854
1990.0000	71.5368
1989.0000	71.5597
1988.0000	71.7154
1987.0000	71.6295
1986.0000	71.7437
1985.0000	71.8215
1984.0000	71.8459
1983.0000	72.053
1982.0000	72.0868
1981.0000	72.2593
1980.0000	72.4261
1979.0000	72.4693
1978.0000	72.7293
1977.0000	72.7557
1976.0000	72.9664
1975.0000	73.1446
1974.0000	73.1718
1973.0000	73.4465
1972.0000	73.648
1971.0000	73.8415
1970.0000	74.1352
1969.0000	74.28
1968.0000	74.6003
1967.0000	74.8141
1966.0000	75.0473
1965.0000	75.376
1964.0000	75.5307
1963.0000	75.9265
1962.0000	76.103
1961.0000	76.3605
1960.0000	76.68
1959.0000	76.819
1958.0000	77.1873
1957.0000	77.3947
1956.0000	77.7063
1955.0000	78.0422
1954.0000	78.2439
1953.0000	78.652
1952.0000	78.8898
1951.0000	79.1947
1950.0000	79.5432
1949.0000	79.8624
1948.0000	80.3021
1947.0000	80.4904
1946.0000	80.745
1945.0000	81.0742
1944.0000	81.235
1943.0000	81.5595
1942.0000	81.7267
1941.0000	82.0145
1940.0000	82.3039
1939.0000	82.4846
1938.0000	82.7894
1937.0000	82.9057
1936.0000	83.1857
1935.0000	83.4087
1934.0000	83.6645
1933.0000	83.9688
1932.0000	84.1455
1931.0000	84.438
1930.0000	84.6264
1929.0000	84.8478
1928.0000	85.0659
1927.0000	85.0942
1926.0000	85.29
1925.0000	85.2722
1924.0000	85.4275
1923.0000	85.5295
1922.0000	85.4525
1921.0000	85.5424
1920.0000	85.5775
1919.0000	85.6827
1918.0000	85.7934
1917.0000	85.85
1916.0000	85.9184
1915.0000	85.8759
1914.0000	85.8184
1913.0000	85.6111
1912.0000	85.5345
1911.0000	85.3153
1910.0000	85.1801
1909.0000	85.0061
1908.0000	84.8039
1907.0000	84.6043
1906.0000	84.3098
1905.0000	84.0469
1904.0000	83.8668
1903.0000	83.6867
1902.0000	83.6095
1901.0000	83.4212
1900.0000	83.2597
1899.0000	82.8912
1898.0000	82.5965
1897.0000	82.2673
1896.0000	81.797
1895.0000	81.5333
1894.0000	81.1928
1893.0000	81.0287
1892.0000	80.6844
1891.0000	80.4219
1890.0000	80.2045
1889.0000	79.9454
1888.0000	79.6378
1887.0000	79.2134
1886.0000	78.9578
1885.0000	78.641
1884.0000	78.3603
1883.0000	78.0622
1882.0000	77.7317
1881.0000	77.5042
1880.0000	77.1195
1879.0000	76.7289
1878.0000	76.1001
1877.0000	75.5302
1876.0000	74.884
1875.0000	74.2153
1874.0000	73.8102
1873.0000	73.6135
1872.0000	73.7537
1871.0000	73.8562
1870.0000	73.999
1869.0000	74.0767
1868.0000	73.9963
1867.0000	73.9112
1866.0000	73.543
1865.0000	73.2285
1864.0000	72.9074
1863.0000	72.6815
1862.0000	72.5024
1861.0000	72.3873
1860.0000	72.274
1859.0000	72.2186
1858.0000	72.2332
1857.0000	72.1973
1856.0000	72.1953
1855.0000	72.0284
1854.0000	71.8775
1853.0000	71.7508
1852.0000	71.5795
1851.0000	71.5631
1850.0000	71.5796
1849.0000	71.6877
1848.0000	71.8157
1847.0000	71.8886
1846.0000	71.9028
1845.0000	71.9265
1844.0000	71.9466
1843.0000	71.9692
1842.0000	72.1162
1841.0000	72.3768
1840.0000	72.7014
1839.0000	72.855
1838.0000	73.0233
1837.0000	73.1504
1836.0000	73.1947
1835.0000	73.2559
1834.0000	73.3055
1833.0000	73.4429
1832.0000	73.6086
1831.0000	73.7658
1830.0000	73.8896
1829.0000	74.0617
1828.0000	74.2527
1827.0000	74.5297
1826.0000	74.9258
1825.0000	75.3811
1824.0000	75.9139
1823.0000	76.4129
1822.0000	76.9381
1821.0000	77.3608
1820.0000	77.744
1819.0000	77.9825
1818.0000	78.2226
1817.0000	78.5108
1816.0000	78.75
1815.0000	79.043
1814.0000	79.2972
1813.0000	79.6459
1812.0000	80.0517
1811.0000	80.416
1810.0000	80.8493
1809.0000	81.2256
1808.0000	81.6195
1807.0000	81.996
1806.0000	82.3413
1805.0000	82.6792
1804.0000	82.9359
1803.0000	83.1565
1802.0000	83.419
1801.0000	83.6977
1800.0000	83.9603
1799.0000	84.1744
1798.0000	84.4134
1797.0000	84.66
1796.0000	84.8784
1795.0000	85.0116
1794.0000	85.2285
1793.0000	85.3819
1792.0000	85.5247
1791.0000	85.6405
1790.0000	85.7041
1789.0000	85.8142
1788.0000	85.8432
1787.0000	85.8968
1786.0000	85.9088
1785.0000	85.8688
1784.0000	85.8692
1783.0000	85.7603
1782.0000	85.6688
1781.0000	85.5603
1780.0000	85.3975
1779.0000	85.2386
1778.0000	85.0391
1777.0000	84.859
1776.0000	84.6505
1775.0000	84.4271
1774.0000	84.1565
1773.0000	83.9167
1772.0000	83.6172
1771.0000	83.3471
1770.0000	83.0569
1769.0000	82.7269
1768.0000	82.4213
1767.0000	82.0711
1766.0000	81.7607
1765.0000	81.4325
1764.0000	81.0587
1763.0000	80.6735
1762.0000	80.2949
1761.0000	79.9231
1760.0000	79.5704
1759.0000	79.1832
1758.0000	78.8158
1757.0000	78.4405
1756.0000	78.0664
1755.0000	77.7224
1754.0000	77.337
1753.0000	76.9774
1752.0000	76.6288
1751.0000	76.2373
1750.0000	75.9327
1749.0000	75.592
1748.0000	75.2367
1747.0000	74.8895
1746.0000	74.5753
1745.0000	74.3065
1744.0000	73.9788
1743.0000	73.7054
1742.0000	73.4305
1741.0000	73.2023
1740.0000	72.966
1739.0000	72.7652
1738.0000	72.5682
1737.0000	72.3824
1736.0000	72.2135
1735.0000	72.0654
1734.0000	71.9303
1733.0000	71.7838
1732.0000	71.6658
1731.0000	71.5695
1730.0000	71.481
1729.0000	71.4306
1728.0000	71.3508
1727.0000	71.3358
1726.0000	71.3254
1725.0000	71.3147
1724.0000	71.3593
1723.0000	71.4071
1722.0000	71.4995
1721.0000	71.5754
1720.0000	71.6675
1719.0000	71.7653
1718.0000	71.9126
1717.0000	72.0571
1716.0000	72.1964
1715.0000	72.364
1714.0000	72.5814
1713.0000	72.8269
1712.0000	73.0284
1711.0000	73.2616
1710.0000	73.5292
1709.0000	73.7952
1708.0000	74.0666
1707.0000	74.3726
1706.0000	74.7566
1705.0000	75.0937
1704.0000	75.4046
1703.0000	75.7615
1702.0000	76.1832
1701.0000	76.5324
1700.0000	76.9103
1699.0000	77.2495
1698.0000	77.6906
1697.0000	78.0607
1696.0000	78.481
1695.0000	78.9022
1694.0000	79.3169
1693.0000	79.7465
1692.0000	80.146
1691.0000	80.5606
1690.0000	80.9418
1689.0000	81.2701
1688.0000	81.6434
1687.0000	82.0421
1686.0000	82.3909
1685.0000	82.764
1684.0000	83.1194
1683.0000	83.508
1682.0000	83.8564
1681.0000	84.1475
1680.0000	84.417
1679.0000	84.6762
1678.0000	84.8981
1677.0000	85.0642
1676.0000	85.2393
1675.0000	85.3909
1674.0000	85.5325
1673.0000	85.6394
1672.0000	85.7413
1671.0000	85.8017
1670.0000	85.8145
1669.0000	85.8217
1668.0000	85.774
1667.0000	85.7305
1666.0000	85.6232
1665.0000	85.4895
1664.0000	85.3437
1663.0000	85.2172
1662.0000	85.0485
1661.0000	84.8411
1660.0000	84.6178
1659.0000	84.3824
1658.0000	84.0939
1657.0000	83.7876
1656.0000	83.418
1655.0000	83.059
1654.0000	82.7403
1653.0000	82.4205
1652.0000	82.0166
1651.0000	81.6418
1650.0000	81.2639
1649.0000	80.8529
1648.0000	80.424
1647.0000	79.9481
1646.0000	79.5084
1645.0000	79.0555
1644.0000	78.6083
1643.0000	78.1851
1642.0000	77.7485
1641.0000	77.3359
1640.0000	76.9595
1639.0000	76.547
1638.0000	76.1467
1637.0000	75.7462
1636.0000	75.435
1635.0000	75.0797
1634.0000	74.7508
1633.0000	74.4576
1632.0000	74.1456
1631.0000	73.8827
1630.0000	73.5923
1629.0000	73.3313
1628.0000	73.0676
1627.0000	72.861
1626.0000	72.6008
1625.0000	72.4045
1624.0000	72.2622
1623.0000	72.1184
1622.0000	71.9857
1621.0000	71.8698
1620.0000	71.7892
1619.0000	71.758
1618.0000	71.7339
1617.0000	71.7304
1616.0000	71.7463
1615.0000	71.7863
1614.0000	71.8502
1613.0000	71.956
1612.0000	72.062
1611.0000	72.2093
1610.0000	72.3614
1609.0000	72.5394
1608.0000	72.7354
1607.0000	72.9426
1606.0000	73.2136
1605.0000	73.4392
1604.0000	73.7223
1603.0000	74.0223
1602.0000	74.4049
1601.0000	74.9398
1600.0000	75.5995
1599.0000	76.2802
1598.0000	76.93
1597.0000	77.4682
1596.0000	77.9288
1595.0000	78.2096
1594.0000	78.4108
1593.0000	78.5348
1592.0000	78.6665
1591.0000	78.902
1590.0000	79.2825
1589.0000	79.6997
1588.0000	80.0915
1587.0000	80.5382
1586.0000	80.9551
1585.0000	81.4321
1584.0000	81.8312
1583.0000	82.1998
1582.0000	82.6087
1581.0000	82.9976
1580.0000	83.3624
1579.0000	83.7016
1578.0000	84.0161
1577.0000	84.3488
1576.0000	84.6088
1575.0000	84.85
1574.0000	85.0592
1573.0000	85.2273
1572.0000	85.4237
1571.0000	85.5031
1570.0000	85.5897
1569.0000	85.6289
1568.0000	85.6139
1567.0000	85.5671
1566.0000	85.4696
1565.0000	85.3783
1564.0000	85.2181
1563.0000	85.0553
1562.0000	84.8693
1561.0000	84.65
1560.0000	84.3933
1559.0000	84.0777
1558.0000	83.7492
1557.0000	83.3819
1556.0000	83.0138
1555.0000	82.5774
1554.0000	82.1566
1553.0000	81.7063
1552.0000	81.2198
1551.0000	80.7801
1550.0000	80.335
1549.0000	79.8517
1548.0000	79.3721
1547.0000	78.8906
1546.0000	78.4526
1545.0000	77.991
1544.0000	77.5225
1543.0000	77.082
1542.0000	76.6534
1541.0000	76.2368
1540.0000	75.7804
1539.0000	75.3687
1538.0000	74.9402
1537.0000	74.5781
1536.0000	74.195
1535.0000	73.8233
1534.0000	73.52
1533.0000	73.242
1532.0000	72.9553
1531.0000	72.6995
1530.0000	72.4526
1529.0000	72.2653
1528.0000	72.0921
1527.0000	71.9061
1526.0000	71.8019
1525.0000	71.7118
1524.0000	71.6381
1523.0000	71.6501
1522.0000	71.6423
1521.0000	71.6826
1520.0000	71.7072
1519.0000	71.8059
1518.0000	71.9095
1517.0000	72.0272
1516.0000	72.1803
1515.0000	72.3476
1514.0000	72.6138
1513.0000	72.8471
1512.0000	73.1209
1511.0000	73.4235
1510.0000	73.785
1509.0000	74.1301
1508.0000	74.4962
1507.0000	74.9034
1506.0000	75.3024
1505.0000	75.7698
1504.0000	76.178
1503.0000	76.6371
1502.0000	77.1126
1501.0000	77.5751
1500.0000	78.049
1499.0000	78.5482
1498.0000	79.0492
1497.0000	79.5623
1496.0000	80.0855
1495.0000	80.6324
1494.0000	81.1264
1493.0000	81.6315
1492.0000	82.1423
1491.0000	82.605
1490.0000	83.0483
1489.0000	83.4641
1488.0000	83.8387
1487.0000	84.2155
1486.0000	84.547
1485.0000	84.8159
1484.0000	85.0404
1483.0000	85.2794
1482.0000	85.4533
1481.0000	85.5907
1480.0000	85.7168
1479.0000	85.7755
1478.0000	85.8039
1477.0000	85.7502
1476.0000	85.6655
1475.0000	85.5581
1474.0000	85.3568
1473.0000	85.1356
1472.0000	84.8803
1471.0000	84.5568
1470.0000	84.2223
1469.0000	83.8459
1468.0000	83.4465
1467.0000	82.9846
1466.0000	82.5431
1465.0000	82.0522
1464.0000	81.5466
1463.0000	81.0276
1462.0000	80.4845
1461.0000	79.9534
1460.0000	79.3944
1459.0000	78.8453
1458.0000	78.3219
1457.0000	77.744
1456.0000	77.2311
1455.0000	76.696
1454.0000	76.1769
1453.0000	75.6996
1452.0000	75.1904
1451.0000	74.735
1450.0000	74.2878
1449.0000	73.8653
1448.0000	73.4931
1447.0000	73.1545
1446.0000	72.8032
1445.0000	72.5477
1444.0000	72.2995
1443.0000	72.0771
1442.0000	71.8984
1441.0000	71.7503
1440.0000	71.6599
1439.0000	71.5447
1438.0000	71.5074
1437.0000	71.4865
1436.0000	71.5222
1435.0000	71.5776
1434.0000	71.6812
1433.0000	71.822
1432.0000	71.9725
1431.0000	72.1609
1430.0000	72.3925
1429.0000	72.6681
1428.0000	72.9595
1427.0000	73.2575
1426.0000	73.6445
1425.0000	74.059
1424.0000	74.5071
1423.0000	74.9639
1422.0000	75.4561
1421.0000	75.9764
1420.0000	76.509
1419.0000	77.0659
1418.0000	77.6128
1417.0000	78.154
1416.0000	78.7149
1415.0000	79.2594
1414.0000	79.8094
1413.0000	80.358
1412.0000	80.9242
1411.0000	81.4849
1410.0000	82.0777
1409.0000	82.6454
1408.0000	83.1613
1407.0000	83.5892
1406.0000	84.0141
1405.0000	84.344
1404.0000	84.6379
1403.0000	84.8743
1402.0000	85.1253
1401.0000	85.2943
1400.0000	85.4365
1399.0000	85.5201
1398.0000	85.5768
1397.0000	85.556
1396.0000	85.4542
1395.0000	85.3283
1394.0000	85.1676
1393.0000	84.8965
1392.0000	84.5553
1391.0000	84.1527
1390.0000	83.7215
1389.0000	83.2292
1388.0000	82.646
1387.0000	82.101
1386.0000	81.5743
1385.0000	81.0144
1384.0000	80.4426
1383.0000	79.8989
1382.0000	79.4199
1381.0000	78.9109
1380.0000	78.4049
1379.0000	77.8862
1378.0000	77.3694
1377.0000	76.8559
1376.0000	76.3874
1375.0000	75.9538
1374.0000	75.4752
1373.0000	75.0202
1372.0000	74.5219
1371.0000	74.0181
1370.0000	73.5402
1369.0000	73.0774
1368.0000	72.6692
1367.0000	72.3668
1366.0000	72.1321
1365.0000	71.9826
1364.0000	71.8569
1363.0000	71.739
1362.0000	71.6035
1361.0000	71.508
1360.0000	71.4972
1359.0000	71.5607
1358.0000	71.733
1357.0000	71.9776
1356.0000	72.3127
1355.0000	72.695
1354.0000	73.0796
1353.0000	73.4985
1352.0000	73.9354
1351.0000	74.3774
1350.0000	74.84
1349.0000	75.3336
1348.0000	75.8621
1347.0000	76.413
1346.0000	76.9725
1345.0000	77.5523
1344.0000	78.1434
1343.0000	78.7607
1342.0000	79.3687
1341.0000	80.0164
1340.0000	80.6363
1339.0000	81.2598
1338.0000	81.8547
1337.0000	82.4285
1336.0000	82.9633
1335.0000	83.4539
1334.0000	83.8976
1333.0000	84.3088
1332.0000	84.6279
1331.0000	84.938
1330.0000	85.1732
1329.0000	85.3525
1328.0000	85.4729
1327.0000	85.5184
1326.0000	85.4842
1325.0000	85.3821
1324.0000	85.2297
1323.0000	85.0242
1322.0000	84.7003
1321.0000	84.3416
1320.0000	83.9144
1319.0000	83.4643
1318.0000	82.9522
1317.0000	82.3626
1316.0000	81.7771
1315.0000	81.1649
1314.0000	80.5523
1313.0000	79.9269
1312.0000	79.2629
1311.0000	78.6148
1310.0000	77.9574
1309.0000	77.3084
1308.0000	76.6749
1307.0000	76.0497
1306.0000	75.4498
1305.0000	74.903
1304.0000	74.3861
1303.0000	73.8886
1302.0000	73.46
1301.0000	73.028
1300.0000	72.6686
1299.0000	72.3273
1298.0000	72.0458
1297.0000	71.8383
1296.0000	71.6718
1295.0000	71.5474
1294.0000	71.482
1293.0000	71.4685
1292.0000	71.5386
1291.0000	71.6366
1290.0000	71.7907
1289.0000	72.0269
1288.0000	72.3012
1287.0000	72.668
1286.0000	73.0446
1285.0000	73.4998
1284.0000	74.0135
1283.0000	74.5234
1282.0000	75.097
1281.0000	75.6903
1280.0000	76.3084
1279.0000	76.9563
1278.0000	77.6325
1277.0000	78.2914
1276.0000	78.9852
1275.0000	79.6842
1274.0000	80.4013
1273.0000	81.0567
1272.0000	81.7425
1271.0000	82.3558
1270.0000	82.95
1269.0000	83.487
1268.0000	83.978
1267.0000	84.4329
1266.0000	84.8034
1265.0000	85.1063
1264.0000	85.3498
1263.0000	85.5055
1262.0000	85.5809
1261.0000	85.5563
1260.0000	85.4232
1259.0000	85.2145
1258.0000	84.9353
1257.0000	84.5574
1256.0000	84.1359
1255.0000	83.6386
1254.0000	83.0709
1253.0000	82.4954
1252.0000	81.8434
1251.0000	81.1669
1250.0000	80.4599
1249.0000	79.7114
1248.0000	78.9781
1247.0000	78.2536
1246.0000	77.5149
1245.0000	76.7764
1244.0000	76.0763
1243.0000	75.4386
1242.0000	74.8069
1241.0000	74.2236
1240.0000	73.6886
1239.0000	73.237
1238.0000	72.8068
1237.0000	72.4275
1236.0000	72.1346
1235.0000	71.9212
1234.0000	71.7275
1233.0000	71.6072
1232.0000	71.5611
1231.0000	71.5958
1230.0000	71.6838
1229.0000	71.8336
1228.0000	72.0503
1227.0000	72.3606
1226.0000	72.7138
1225.0000	73.1096
1224.0000	73.6098
1223.0000	74.1578
1222.0000	74.7591
1221.0000	75.3883
1220.0000	76.0719
1219.0000	76.8024
1218.0000	77.5619
1217.0000	78.3031
1216.0000	79.0868
1215.0000	79.8487
1214.0000	80.6088
1213.0000	81.3405
1212.0000	82.0262
1211.0000	82.6817
1210.0000	83.2787
1209.0000	83.8037
1208.0000	84.2858
1207.0000	84.6729
1206.0000	84.9624
1205.0000	85.1777
1204.0000	85.2863
1203.0000	85.2876
1202.0000	85.1784
1201.0000	84.9883
1200.0000	84.6453
1199.0000	84.2686
1198.0000	83.7896
1197.0000	83.2494
1196.0000	82.648
1195.0000	81.9703
1194.0000	81.2831
1193.0000	80.5336
1192.0000	79.7404
1191.0000	78.9371
1190.0000	78.1255
1189.0000	77.3461
1188.0000	76.5335
1187.0000	75.7817
1186.0000	75.0851
1185.0000	74.4451
1184.0000	73.8541
1183.0000	73.3493
1182.0000	72.8919
1181.0000	72.4883
1180.0000	72.1588
1179.0000	71.925
1178.0000	71.7388
1177.0000	71.6239
1176.0000	71.6379
1175.0000	71.6891
1174.0000	71.8296
1173.0000	72.0424
1172.0000	72.3653
1171.0000	72.7528
1170.0000	73.1868
1169.0000	73.7218
1168.0000	74.3239
1167.0000	75.0071
1166.0000	75.7301
1165.0000	76.527
1164.0000	77.3619
1163.0000	78.1773
1162.0000	79.0195
1161.0000	79.8626
1160.0000	80.6971
1159.0000	81.488
1158.0000	82.2262
1157.0000	82.9329
1156.0000	83.5675
1155.0000	84.1259
1154.0000	84.5642
1153.0000	84.8941
1152.0000	85.1019
1151.0000	85.231
1150.0000	85.2017
1149.0000	85.0732
1148.0000	84.8135
1147.0000	84.4525
1146.0000	83.9896
1145.0000	83.4432
1144.0000	82.7932
1143.0000	82.0555
1142.0000	81.2764
1141.0000	80.4758
1140.0000	79.6659
1139.0000	78.7893
1138.0000	77.9139
1137.0000	77.055
1136.0000	76.2176
1135.0000	75.427
1134.0000	74.685
1133.0000	73.9792
1132.0000	73.3515
1131.0000	72.8037
1130.0000	72.3433
1129.0000	71.9617
1128.0000	71.6795
1127.0000	71.4735
1126.0000	71.3948
1125.0000	71.4155
1124.0000	71.5257
1123.0000	71.7213
1122.0000	72.0447
1121.0000	72.4287
1120.0000	72.935
1119.0000	73.5229
1118.0000	74.1776
1117.0000	74.9054
1116.0000	75.6954
1115.0000	76.5325
1114.0000	77.4155
1113.0000	78.3238
1112.0000	79.2264
1111.0000	80.101
1110.0000	80.9775
1109.0000	81.8439
1108.0000	82.5952
1107.0000	83.2975
1106.0000	83.9119
1105.0000	84.4232
1104.0000	84.811
1103.0000	85.0381
1102.0000	85.1632
1101.0000	85.1325
1100.0000	84.9376
1099.0000	84.6156
1098.0000	84.1768
1097.0000	83.6317
1096.0000	82.9289
1095.0000	82.1712
1094.0000	81.3502
1093.0000	80.4631
1092.0000	79.5546
1091.0000	78.6289
1090.0000	77.7004
1089.0000	76.7813
1088.0000	75.9289
1087.0000	75.0999
1086.0000	74.3324
1085.0000	73.6552
1084.0000	73.0634
1083.0000	72.5972
1082.0000	72.1727
1081.0000	71.8608
1080.0000	71.6765
1079.0000	71.5957
1078.0000	71.6274
1077.0000	71.7676
1076.0000	72.051
1075.0000	72.4604
1074.0000	72.9502
1073.0000	73.5579
1072.0000	74.2525
1071.0000	75.0054
1070.0000	75.8346
1069.0000	76.7206
1068.0000	77.6569
1067.0000	78.6004
1066.0000	79.5389
1065.0000	80.5111
1064.0000	81.434
1063.0000	82.2785
1062.0000	83.0487
1061.0000	83.6915
1060.0000	84.2462
1059.0000	84.6386
1058.0000	84.8415
1057.0000	84.8904
1056.0000	84.7757
1055.0000	84.5242
1054.0000	84.0961
1053.0000	83.5164
1052.0000	82.8409
1051.0000	82.0475
1050.0000	81.1703
1049.0000	80.2242
1048.0000	79.2033
1047.0000	78.2109
1046.0000	77.2147
1045.0000	76.2206
1044.0000	75.3142
1043.0000	74.4724
1042.0000	73.7084
1041.0000	73.047
1040.0000	72.4825
1039.0000	72.0763
1038.0000	71.7913
1037.0000	71.6158
1036.0000	71.6063
1035.0000	71.7022
1034.0000	71.9442
1033.0000	72.2878
1032.0000	72.7736
1031.0000	73.405
1030.0000	74.1233
1029.0000	74.9664
1028.0000	75.8827
1027.0000	76.8727
1026.0000	77.9053
1025.0000	78.9215
1024.0000	79.9699
1023.0000	80.976
1022.0000	81.9087
1021.0000	82.7579
1020.0000	83.4818
1019.0000	84.07
1018.0000	84.4844
1017.0000	84.7259
1016.0000	84.8127
1015.0000	84.6344
1014.0000	84.293
1013.0000	83.7815
1012.0000	83.0848
1011.0000	82.283
1010.0000	81.3596
1009.0000	80.3409
1008.0000	79.2899
1007.0000	78.1876
1006.0000	77.0963
1005.0000	76.0306
1004.0000	75.0495
1003.0000	74.1203
1002.0000	73.2943
1001.0000	72.6345
1000.0000	72.1041
999.0000	71.7295
998.0000	71.4849
997.0000	71.4087
996.0000	71.5307
995.0000	71.802
994.0000	72.1995
993.0000	72.7589
992.0000	73.4385
991.0000	74.2682
990.0000	75.2
989.0000	76.1923
988.0000	77.2656
987.0000	78.3951
986.0000	79.494
985.0000	80.5462
984.0000	81.5603
983.0000	82.4675
982.0000	83.2839
981.0000	83.8693
980.0000	84.3008
979.0000	84.5804
978.0000	84.546
977.0000	84.3768
976.0000	83.9429
975.0000	83.3018
974.0000	82.5202
973.0000	81.5679
972.0000	80.496
971.0000	79.3764
970.0000	78.2354
969.0000	77.1083
968.0000	76.0208
967.0000	74.9938
966.0000	74.0971
965.0000	73.3098
964.0000	72.6465
963.0000	72.1127
962.0000	71.7793
961.0000	71.6349
960.0000	71.7026
959.0000	71.9168
958.0000	72.3271
957.0000	72.8823
956.0000	73.6663
955.0000	74.5251
954.0000	75.509
953.0000	76.6047
952.0000	77.7254
951.0000	78.8955
950.0000	80.0682
949.0000	81.1973
948.0000	82.1796
947.0000	83.0444
946.0000	83.7328
945.0000	84.1684
944.0000	84.385
943.0000	84.3752
942.0000	84.0925
941.0000	83.5913
940.0000	82.8362
939.0000	81.9638
938.0000	80.921
937.0000	79.7478
936.0000	78.557
935.0000	77.4056
934.0000	76.1558
933.0000	75.0526
932.0000	74.0756
931.0000	73.2194
930.0000	72.516
929.0000	71.9423
928.0000	71.6474
927.0000	71.5121
926.0000	71.5927
925.0000	71.9291
924.0000	72.4257
923.0000	73.08
922.0000	73.9536
921.0000	74.9804
920.0000	76.1218
919.0000	77.2971
918.0000	78.5285
917.0000	79.785
916.0000	80.9974
915.0000	82.0672
914.0000	82.9617
913.0000	83.6739
912.0000	84.1326
911.0000	84.2346
910.0000	84.0769
909.0000	83.6033
908.0000	82.9641
907.0000	82.0293
906.0000	80.9506
905.0000	79.7461
904.0000	78.5662
903.0000	77.2814
902.0000	76.0276
901.0000	74.8774
900.0000	76.042
899.0000	74.856
898.0000	74.0243
897.0000	73.3839
896.0000	72.6081
895.0000	72.0694
894.0000	71.7739
893.0000	71.9583
892.0000	72.0865
891.0000	72.6183
890.0000	73.5307
889.0000	74.5183
888.0000	75.5583
887.0000	76.742
886.0000	77.9273
885.0000	79.2497
884.0000	80.5666
883.0000	81.659
882.0000	82.5995
881.0000	83.4137
880.0000	83.9811
879.0000	84.1253
878.0000	84.0068
877.0000	83.4506
876.0000	82.5989
875.0000	81.5434
874.0000	80.2741
873.0000	78.9749
872.0000	77.529
871.0000	76.1497
870.0000	74.8467
869.0000	73.7197
868.0000	72.7325
867.0000	71.9412
866.0000	71.5019
865.0000	71.3197
864.0000	71.4011
863.0000	71.7076
862.0000	72.2915
861.0000	73.1114
860.0000	74.1523
859.0000	75.3991
858.0000	76.7618
857.0000	78.2179
856.0000	79.6261
855.0000	80.9807
854.0000	82.1807
853.0000	83.1087
852.0000	83.7135
851.0000	83.9917
850.0000	83.8671
849.0000	83.3962
848.0000	82.5232
847.0000	81.3493
846.0000	80.0084
845.0000	78.5521
844.0000	77.023
843.0000	75.5412
842.0000	74.2045
841.0000	73.0706
840.0000	72.1659
839.0000	71.5347
838.0000	71.2382
837.0000	71.2221
836.0000	71.5451
835.0000	72.1579
834.0000	73.0664
833.0000	74.2186
832.0000	75.5402
831.0000	77.0165
830.0000	78.5419
829.0000	80.0262
828.0000	81.3896
827.0000	82.5292
826.0000	83.3285
825.0000	83.7746
824.0000	83.7955
823.0000	83.4108
822.0000	82.6206
821.0000	81.4875
820.0000	80.1267
819.0000	78.5933
818.0000	77.0202
817.0000	75.5051
816.0000	74.1104
815.0000	72.9535
814.0000	72.0528
813.0000	71.4861
812.0000	71.2922
811.0000	71.3856
810.0000	71.8632
809.0000	72.6593
808.0000	73.7808
807.0000	75.1312
806.0000	76.6512
805.0000	78.2622
804.0000	79.8515
803.0000	81.2377
802.0000	82.3987
801.0000	83.1954
800.0000	83.5509
799.0000	83.4387
798.0000	82.8401
797.0000	81.8647
796.0000	80.5392
795.0000	78.9933
794.0000	77.3483
793.0000	75.7359
792.0000	74.2492
791.0000	73.0019
790.0000	72.0672
789.0000	71.4693
788.0000	71.2873
787.0000	71.4903
786.0000	72.0909
785.0000	73.0495
784.0000	74.3398
783.0000	75.844
782.0000	77.4939
781.0000	79.1713
780.0000	80.7387
779.0000	82.0579
778.0000	82.9639
777.0000	83.4245
776.0000	83.3542
775.0000	82.769
774.0000	81.7305
773.0000	80.3259
772.0000	78.7157
771.0000	76.9988
770.0000	75.3459
769.0000	73.8524
768.0000	72.6544
767.0000	71.796
766.0000	71.3467
765.0000	71.3516
764.0000	71.8074
763.0000	72.668
762.0000	73.9001
761.0000	75.4109
760.0000	77.1217
759.0000	78.8544
758.0000	80.473
757.0000	81.8204
756.0000	82.7752
755.0000	83.1937
754.0000	83.0386
753.0000	82.3468
752.0000	81.1713
751.0000	79.6389
750.0000	77.8885
749.0000	76.1221
748.0000	74.4774
747.0000	73.1025
746.0000	72.0909
745.0000	71.5298
744.0000	71.4825
743.0000	71.9284
742.0000	72.8406
741.0000	74.1515
740.0000	75.7624
739.0000	77.556
738.0000	79.3358
737.0000	80.9143
736.0000	82.1316
735.0000	82.8439
734.0000	82.9587
733.0000	82.4372
732.0000	81.3678
731.0000	79.8582
730.0000	78.0977
729.0000	76.2651
728.0000	74.5323
727.0000	73.089
726.0000	72.0525
725.0000	71.5012
724.0000	71.4969
723.0000	72.0234
722.0000	73.0753
721.0000	74.5203
720.0000	76.2629
719.0000	78.121
718.0000	79.8985
717.0000	81.384
716.0000	82.3775
715.0000	82.7605
714.0000	82.4857
713.0000	81.5553
712.0000	80.0931
711.0000	78.3141
710.0000	76.4097
709.0000	74.6159
708.0000	73.1025
707.0000	72.0316
706.0000	71.5164
705.0000	71.6152
704.0000	72.3018
703.0000	73.5247
702.0000	75.1723
701.0000	77.0644
700.0000	78.9768
699.0000	80.6503
698.0000	81.8645
697.0000	82.4518
696.0000	82.3085
695.0000	81.4629
694.0000	80.0271
693.0000	78.2183
692.0000	76.2737
691.0000	74.4392
690.0000	72.9484
689.0000	71.9584
688.0000	71.5964
687.0000	71.8994
686.0000	72.8362
685.0000	74.2975
684.0000	76.1171
683.0000	78.078
682.0000	79.9129
681.0000	81.338
680.0000	82.1217
679.0000	82.1492
678.0000	81.4252
677.0000	80.0324
676.0000	78.2141
675.0000	76.2036
674.0000	74.3285
673.0000	72.8251
672.0000	71.8815
671.0000	71.6203
670.0000	72.0597
669.0000	73.1662
668.0000	74.8067
667.0000	76.7562
666.0000	78.7419
665.0000	80.4418
664.0000	81.5855
663.0000	81.9543
662.0000	81.4985
661.0000	80.2819
660.0000	78.5142
659.0000	76.497
658.0000	74.5547
657.0000	72.98
656.0000	71.9967
655.0000	71.7645
654.0000	72.3066
653.0000	73.5574
652.0000	75.323
651.0000	77.3459
650.0000	79.2898
649.0000	80.8045
648.0000	81.5899
647.0000	81.5011
646.0000	80.5727
645.0000	78.9524
644.0000	76.9469
643.0000	74.9265
642.0000	73.2399
641.0000	72.1631
640.0000	71.8624
639.0000	72.4027
638.0000	73.6961
637.0000	75.5247
636.0000	77.5845
635.0000	79.4791
634.0000	80.8383
633.0000	81.4056
632.0000	81.0468
631.0000	79.8245
630.0000	77.9813
629.0000	75.8989
628.0000	73.9814
627.0000	72.5727
626.0000	71.9123
625.0000	72.1421
624.0000	73.2257
623.0000	74.9419
622.0000	76.9934
621.0000	78.9569
620.0000	80.4337
619.0000	81.1074
618.0000	80.7952
617.0000	79.588
616.0000	77.7412
615.0000	75.6514
614.0000	73.7823
613.0000	72.5042
612.0000	72.0778
611.0000	72.5902
610.0000	73.9436
609.0000	75.8616
608.0000	77.9115
607.0000	79.6323
606.0000	80.6113
605.0000	80.6055
604.0000	79.6197
603.0000	77.8728
602.0000	75.8045
601.0000	73.886
600.0000	72.5608
599.0000	72.1508
598.0000	72.7363
597.0000	74.1896
596.0000	76.1608
595.0000	78.1698
594.0000	79.7028
593.0000	80.3575
592.0000	79.976
591.0000	78.6311
590.0000	76.6915
589.0000	74.6446
588.0000	73.0362
587.0000	72.2743
586.0000	72.5279
585.0000	73.7497
584.0000	75.6167
583.0000	77.6249
582.0000	79.23
581.0000	79.9991
580.0000	79.6948
579.0000	78.4021
578.0000	76.4883
577.0000	74.4914
576.0000	72.9545
575.0000	72.341
574.0000	72.7906
573.0000	74.177
572.0000	76.1013
571.0000	78.0064
570.0000	79.3148
569.0000	79.6406
568.0000	78.8666
567.0000	77.2375
566.0000	75.2505
565.0000	73.5143
564.0000	72.5772
563.0000	72.716
562.0000	73.8969
561.0000	75.7223
560.0000	77.6135
559.0000	78.9562
558.0000	79.2971
557.0000	78.5361
556.0000	76.9144
555.0000	74.9867
554.0000	73.3993
553.0000	72.6924
552.0000	73.1139
551.0000	74.5028
550.0000	76.3587
549.0000	78.0055
548.0000	78.8555
547.0000	78.6042
546.0000	77.3553
545.0000	75.5549
544.0000	73.8443
543.0000	72.8988
542.0000	73.0592
541.0000	74.2581
540.0000	75.9999
539.0000	77.6129
538.0000	78.4859
537.0000	78.2669
536.0000	77.0476
535.0000	75.2832
534.0000	73.6935
533.0000	72.91
532.0000	73.2571
531.0000	74.5653
530.0000	76.2624
529.0000	77.6595
528.0000	78.1792
527.0000	77.6087
526.0000	76.1877
525.0000	74.5286
524.0000	73.3393
523.0000	73.1772
522.0000	74.0651
521.0000	75.5834
520.0000	77.0329
519.0000	77.7526
518.0000	77.442
517.0000	76.2228
516.0000	74.6622
515.0000	73.4842
514.0000	73.2603
513.0000	74.0634
512.0000	75.4836
511.0000	76.764
510.0000	77.2953
509.0000	76.8534
508.0000	75.6582
507.0000	74.3111
506.0000	73.5086
505.0000	73.6808
504.0000	74.7045
503.0000	75.9667
502.0000	76.7795
501.0000	76.7326
500.0000	75.8679
499.0000	74.6351
498.0000	73.7324
497.0000	73.6891
496.0000	74.4764
495.0000	75.5736
494.0000	76.3517
493.0000	76.3651
492.0000	75.6242
491.0000	74.569
490.0000	73.8259
489.0000	73.8566
488.0000	74.5832
487.0000	75.5179
486.0000	76.0635
485.0000	75.9059
484.0000	75.1319
483.0000	74.2555
482.0000	73.8348
481.0000	74.1105
480.0000	74.8213
479.0000	75.4594
478.0000	75.6096
477.0000	75.1789
476.0000	74.474
475.0000	73.9743
474.0000	74.0225
473.0000	74.4954
472.0000	75.0094
471.0000	75.1919
470.0000	74.9524
469.0000	74.4799
468.0000	74.1152
467.0000	74.1199
466.0000	74.4088
465.0000	74.7117
464.0000	74.7789
463.0000	74.6005
462.0000	74.3298
461.0000	74.1732
460.0000	74.1963
459.0000	74.3022
458.0000	74.3416
457.0000	74.3278
456.0000	74.3109
455.0000	74.3342
454.0000	74.3052
453.0000	74.1751
452.0000	73.9836
451.0000	73.9114
450.0000	74.0652
449.0000	74.3058
448.0000	74.3469
447.0000	74.0671
446.0000	73.6606
445.0000	73.5344
444.0000	73.8281
443.0000	74.2714
442.0000	74.3581
441.0000	73.8685
440.0000	73.2731
439.0000	73.1546
438.0000	73.672
437.0000	74.25
436.0000	74.1258
435.0000	73.339
434.0000	72.7219
433.0000	72.9881
432.0000	73.8551
431.0000	74.2735
430.0000	73.6025
429.0000	72.6103
428.0000	72.4514
427.0000	73.347
426.0000	74.1495
425.0000	73.6508
424.0000	72.4055
423.0000	71.9838
422.0000	72.9356
421.0000	73.9714
420.0000	73.5213
419.0000	72.1105
418.0000	71.6746
417.0000	72.8051
416.0000	73.7739
415.0000	72.9954
414.0000	71.5074
413.0000	71.5207
412.0000	72.9509
411.0000	73.4219
410.0000	71.9947
409.0000	70.9364
408.0000	71.9122
407.0000	73.1082
406.0000	72.2753
405.0000	70.7647
404.0000	71.1503
403.0000	72.5244
402.0000	72.1696
401.0000	70.7445
400.0000	70.9155
399.0000	72.171
398.0000	71.815
397.0000	70.4541
396.0000	70.6825
395.0000	71.5138
394.0000	70.8107
393.0000	69.9168
392.0000	70.3758
391.0000	70.6263
390.0000	69.8844
389.0000	69.6338
388.0000	69.8891
387.0000	69.5918
386.0000	69.2463
385.0000	68.9955
384.0000	68.8814
383.0000	68.8282
382.0000	68.0703
381.0000	67.9004
380.0000	68.0218
379.0000	66.8128
378.0000	66.8576
377.0000	66.3602
376.0000	65.0252
375.0000	64.6479
374.0000	62.7389
373.0000	60.568
372.0000	57.5418
371.0000	52.5204
370.0000	46.3828
369.0000	38.0727
368.0000	29.5008
367.0000	21.0116
366.0000	13.8582
365.0000	7.97234
364.0000	3.78645
363.0000	1.3119
362.0000	0.286411
361.0000	0.0509192
360.0000	0.0257057
359.0000	0.0212952
358.0000	0.0185754
357.0000	0.0162268
356.0000	0.014442
355.0000	0.0132166
354.0000	0.0122753
353.0000	0.0123726
352.0000	0.0114317
351.0000	0.0112451
350.0000	0.0108734
349.0000	0.0107773
348.0000	0.0104931
347.0000	0.0097415
346.0000	0.00945674
345.0000	0.00954767
344.0000	0.00935208
343.0000	0.00925715
342.0000	0.00925617
341.0000	0.00935227
340.0000	0.0324165
339.0000	0.0318227
338.0000	0.0305173
337.0000	0.0296145
336.0000	0.0294921
335.0000	0.0294798
334.0000	0.028201
333.0000	0.0276829
332.0000	0.0269201
331.0000	0.0264774
330.0000	0.0255208
329.0000	0.0244357
328.0000	0.0241174
327.0000	0.0236735
326.0000	0.023545
325.0000	0.0225928
324.0000	0.0220531
323.0000	0.0219443
322.0000	0.0215146
321.0000	0.0209802
320.0000	0.0205656
319.0000	0.0200206
318.0000	0.0198102
317.0000	0.0191675
316.0000	0.0196893
315.0000	0.0190583
314.0000	0.0188239
313.0000	0.0185075
312.0000	0.0178683
311.0000	0.0181665
310.0000	0.0172197
309.0000	0.0163606
308.0000	0.015931
307.0000	0.0152951
306.0000	0.0149631
305.0000	0.0149494
304.0000	0.0144197
303.0000	0.014404
302.0000	0.0148188
301.0000	0.0140861
300.0000	0.0141794
