2500.0000	83.9418
2499.0000	84.0206
2498.0000	84.0082
2497.0000	84.086
2496.0000	84.1761
2495.0000	84.2143
2494.0000	84.1876
2493.0000	84.1087
2492.0000	84.1273
2491.0000	84.1768
2490.0000	84.0378
2489.0000	84.0703
2488.0000	84.1462
2487.0000	84.205
2486.0000	84.1515
2485.0000	84.1469
2484.0000	84.1866
2483.0000	84.0854
2482.0000	83.9637
2481.0000	83.9187
2480.0000	83.9641
2479.0000	83.9546
2478.0000	83.8295
2477.0000	83.8207
2476.0000	83.7603
2475.0000	83.72
2474.0000	83.5923
2473.0000	83.5748
2472.0000	83.4982
2471.0000	83.4001
2470.0000	83.3101
2469.0000	83.2287
2468.0000	83.0736
2467.0000	82.8844
2466.0000	82.6927
2465.0000	82.6333
2464.0000	82.4968
2463.0000	82.3848
2462.0000	82.199
2461.0000	82.1223
2460.0000	82.0283
2459.0000	81.8382
2458.0000	81.5892
2457.0000	81.5139
2456.0000	81.3748
2455.0000	81.2033
2454.0000	81.0382
2453.0000	80.9233
2452.0000	80.8631
2451.0000	80.6046
2450.0000	80.349
2449.0000	80.2721
2448.0000	80.0685
2447.0000	79.9173
2446.0000	79.6269
2445.0000	79.4665
2444.0000	79.3249
2443.0000	79.0958
2442.0000	78.8634
2441.0000	78.6773
2440.0000	78.5534
2439.0000	78.4341
2438.0000	78.3136
2437.0000	78.1972
2436.0000	78.0366
2435.0000	77.7658
2434.0000	77.5373
2433.0000	77.4033
2432.0000	77.0483
2431.0000	76.8428
2430.0000	76.6986
2429.0000	76.5479
2428.0000	76.32
2427.0000	76.131
2426.0000	75.9863
2425.0000	75.8608
2424.0000	75.6392
2423.0000	75.4477
2422.0000	75.2621
2421.0000	75.0579
2420.0000	74.8351
2419.0000	74.633
2418.0000	74.4842
2417.0000	74.3373
2416.0000	74.1945
2415.0000	74.1258
2414.0000	74.0082
2413.0000	73.8571
2412.0000	73.6978
2411.0000	73.5604
2410.0000	73.3394
2409.0000	73.1757
2408.0000	73.0353
2407.0000	72.9376
2406.0000	72.792
2405.0000	72.6398
2404.0000	72.5634
2403.0000	72.5095
2402.0000	72.3544
2401.0000	72.2414
2400.0000	72.1256
2399.0000	72.0834
2398.0000	71.9735
2397.0000	71.8262
2396.0000	71.7735
2395.0000	71.7156
2394.0000	71.5611
2393.0000	71.4904
2392.0000	71.4801
2391.0000	71.4124
2390.0000	71.396
2389.0000	71.3192
2388.0000	71.2767
2387.0000	71.241
2386.0000	71.165
2385.0000	71.0959
2384.0000	71.0206
2383.0000	71.0157
2382.0000	70.9606
2381.0000	70.9566
2380.0000	70.8959
2379.0000	70.8926
2378.0000	70.8227
2377.0000	70.8301
2376.0000	70.7949
2375.0000	70.8921
2374.0000	70.891
2373.0000	70.8966
2372.0000	70.9874
2371.0000	71.0596
2370.0000	71.1315
2369.0000	71.1598
2368.0000	71.1015
2367.0000	71.1463
2366.0000	71.1944
2365.0000	71.2101
2364.0000	71.2967
2363.0000	71.3642
2362.0000	71.4192
2361.0000	71.4758
2360.0000	71.6108
2359.0000	71.6937
2358.0000	71.804
2357.0000	71.8104
2356.0000	71.9099
2355.0000	72.0309
2354.0000	72.153
2353.0000	72.28
2352.0000	72.344
2351.0000	72.4707
2350.0000	72.5879
2349.0000	72.7305
2348.0000	72.8626
2347.0000	72.973
2346.0000	73.2072
2345.0000	73.3633
2344.0000	73.5225
2343.0000	73.6142
2342.0000	73.7501
2341.0000	73.9042
2340.0000	74.0439
2339.0000	74.1758
2338.0000	74.3619
2337.0000	74.5969
2336.0000	74.8082
2335.0000	74.9691
2334.0000	75.0914
2333.0000	75.2495
2332.0000	75.4882
2331.0000	75.6244
2330.0000	75.8453
2329.0000	76.0746
2328.0000	76.2211
2327.0000	76.5017
2326.0000	76.7038
2325.0000	76.9556
2324.0000	77.1448
2323.0000	77.3452
2322.0000	77.5467
2321.0000	77.698
2320.0000	77.8648
2319.0000	78.0902
2318.0000	78.2752
2317.0000	78.5185
2316.0000	78.7219
2315.0000	78.9652
2314.0000	79.1658
2313.0000	79.3454
2312.0000	79.5746
2311.0000	79.753
2310.0000	79.9799
2309.0000	80.1448
2308.0000	80.3245
2307.0000	80.5206
2306.0000	80.7637
2305.0000	80.9505
2304.0000	81.1959
2303.0000	81.3745
2302.0000	81.5621
2301.0000	81.7993
2300.0000	81.8962
2299.0000	82.0659
2298.0000	82.2326
2297.0000	82.3101
2296.0000	82.4422
2295.0000	82.644
2294.0000	82.842
2293.0000	82.9686
2292.0000	83.0815
2291.0000	83.2336
2290.0000	83.3465
2289.0000	83.5088
2288.0000	83.574
2287.0000	83.7567
2286.0000	83.8468
2285.0000	84.0393
2284.0000	84.0996
2283.0000	84.128
2282.0000	84.1633
2281.0000	84.2399
2280.0000	84.2667
2279.0000	84.2859
2278.0000	84.4202
2277.0000	84.4707
2276.0000	84.5021
2275.0000	84.4732
2274.0000	84.507
2273.0000	84.4382
2272.0000	84.4351
2271.0000	84.3706
2270.0000	84.3647
2269.0000	84.3499
2268.0000	84.3019
2267.0000	84.2322
2266.0000	84.1645
2265.0000	84.1321
2264.0000	84.0328
2263.0000	83.9435
2262.0000	83.8143
2261.0000	83.7739
2260.0000	83.689
2259.0000	83.5604
2258.0000	83.4633
2257.0000	83.3636
2256.0000	83.225
2255.0000	83.0969
2254.0000	82.9523
2253.0000	82.8506
2252.0000	82.5949
2251.0000	82.4491
2250.0000	82.225
2249.0000	82.034
2248.0000	81.8909
2247.0000	81.6737
2246.0000	81.4862
2245.0000	81.3465
2244.0000	81.1099
2243.0000	80.9484
2242.0000	80.7636
2241.0000	80.5425
2240.0000	80.3249
2239.0000	80.127
2238.0000	79.8945
2237.0000	79.6114
2236.0000	79.3018
2235.0000	79.1055
2234.0000	78.8615
2233.0000	78.6756
2232.0000	78.4434
2231.0000	78.2025
2230.0000	78.0562
2229.0000	77.8413
2228.0000	77.5823
2227.0000	77.3251
2226.0000	77.1144
2225.0000	76.7885
2224.0000	76.5046
2223.0000	76.2386
2222.0000	76.0237
2221.0000	75.7511
2220.0000	75.5821
2219.0000	75.3822
2218.0000	75.274
2217.0000	75.048
2216.0000	74.8845
2215.0000	74.6708
2214.0000	74.4142
2213.0000	74.1585
2212.0000	73.9728
2211.0000	73.8041
2210.0000	73.5345
2209.0000	73.385
2208.0000	73.2277
2207.0000	72.9957
2206.0000	72.8282
2205.0000	72.6304
2204.0000	72.4695
2203.0000	72.2869
2202.0000	72.1789
2201.0000	72.0589
2200.0000	71.89
2199.0000	71.7256
2198.0000	71.5781
2197.0000	71.4477
2196.0000	71.3297
2195.0000	71.2214
2194.0000	71.0993
2193.0000	70.9952
2192.0000	70.8944
2191.0000	70.7852
2190.0000	70.7661
2189.0000	70.6922
2188.0000	70.6184
2187.0000	70.5222
2186.0000	70.5076
2185.0000	70.5133
2184.0000	70.4203
2183.0000	70.3593
2182.0000	70.3399
2181.0000	70.3023
2180.0000	70.3424
2179.0000	70.3096
2178.0000	70.2819
2177.0000	70.312
2176.0000	70.3207
2175.0000	70.2963
2174.0000	70.3477
2173.0000	70.3185
2172.0000	70.3568
2171.0000	70.3614
2170.0000	70.4195
2169.0000	70.5032
2168.0000	70.534
2167.0000	70.6257
2166.0000	70.691
2165.0000	70.8173
2164.0000	70.9786
2163.0000	71.0053
2162.0000	71.1739
2161.0000	71.2513
2160.0000	71.3913
2159.0000	71.5615
2158.0000	71.6575
2157.0000	71.8033
2156.0000	71.9106
2155.0000	72.1006
2154.0000	72.2466
2153.0000	72.4316
2152.0000	72.5883
2151.0000	72.7002
2150.0000	72.9201
2149.0000	73.1118
2148.0000	73.368
2147.0000	73.5602
2146.0000	73.7813
2145.0000	74.0281
2144.0000	74.2202
2143.0000	74.4139
2142.0000	74.607
2141.0000	74.8382
2140.0000	75.1184
2139.0000	75.3574
2138.0000	75.6056
2137.0000	75.9494
2136.0000	76.1639
2135.0000	76.432
2134.0000	76.6849
2133.0000	76.9536
2132.0000	77.1413
2131.0000	77.3974
2130.0000	77.6639
2129.0000	77.9563
2128.0000	78.192
2127.0000	78.4007
2126.0000	78.7427
2125.0000	78.9775
2124.0000	79.1906
2123.0000	79.5071
2122.0000	79.7648
2121.0000	80.0404
2120.0000	80.3055
2119.0000	80.5295
2118.0000	80.7379
2117.0000	80.9938
2116.0000	81.2352
2115.0000	81.5105
2114.0000	81.7566
2113.0000	82.0224
2112.0000	82.2417
2111.0000	82.5241
2110.0000	82.702
2109.0000	82.9223
2108.0000	83.0951
2107.0000	83.2363
2106.0000	83.4214
2105.0000	83.4934
2104.0000	83.6826
2103.0000	83.8545
2102.0000	84.0108
2101.0000	84.153
2100.0000	84.2789
2099.0000	84.3586
2098.0000	84.5003
2097.0000	84.609
2096.0000	84.6664
2095.0000	84.7516
2094.0000	84.8189
2093.0000	84.8629
2092.0000	84.8966
2091.0000	84.8954
2090.0000	84.9
2089.0000	84.8957
2088.0000	84.8957
2087.0000	84.8154
2086.0000	84.8104
2085.0000	84.8016
2084.0000	84.6896
2083.0000	84.5826
2082.0000	84.5073
2081.0000	84.4601
2080.0000	84.3827
2079.0000	84.2132
2078.0000	84.1528
2077.0000	84.1081
2076.0000	83.9206
2075.0000	83.8226
2074.0000	83.6979
2073.0000	83.4866
2072.0000	83.2579
2071.0000	83.0141
2070.0000	82.8559
2069.0000	82.5823
2068.0000	82.3653
2067.0000	82.1384
2066.0000	82.0056
2065.0000	81.7628
2064.0000	81.5489
2063.0000	81.3385
2062.0000	81.0112
2061.0000	80.8074
2060.0000	80.5273
2059.0000	80.1974
2058.0000	79.9167
2057.0000	79.6161
2056.0000	79.3546
2055.0000	79.1676
2054.0000	78.7964
2053.0000	78.5703
2052.0000	78.353
2051.0000	78.0413
2050.0000	77.8549
2049.0000	77.523
2048.0000	77.244
2047.0000	76.981
2046.0000	76.6229
2045.0000	76.3401
2044.0000	76.1268
2043.0000	75.7551
2042.0000	75.5408
2041.0000	75.253
2040.0000	74.935
2039.0000	74.738
2038.0000	74.4026
2037.0000	74.1808
2036.0000	74.0185
2035.0000	73.7109
2034.0000	73.4541
2033.0000	73.3189
2032.0000	73.0264
2031.0000	72.918
2030.0000	72.6763
2029.0000	72.3922
2028.0000	72.3263
2027.0000	72.1104
2026.0000	71.9729
2025.0000	71.8049
2024.0000	71.5731
2023.0000	71.5892
2022.0000	71.406
2021.0000	71.2487
2020.0000	71.1839
2019.0000	71.0071
2018.0000	70.9212
2017.0000	70.8323
2016.0000	70.6631
2015.0000	70.6431
2014.0000	70.5522
2013.0000	70.533
2012.0000	70.4694
2011.0000	70.3569
2010.0000	70.3948
2009.0000	70.4184
2008.0000	70.3498
2007.0000	70.5086
2006.0000	70.4551
2005.0000	70.5396
2004.0000	70.6166
2003.0000	70.5464
2002.0000	70.683
2001.0000	70.71
2000.0000	70.7842
1999.0000	70.9976
1998.0000	70.9849
1997.0000	71.1439
1996.0000	71.2114
1995.0000	71.3363
1994.0000	71.5187
1993.0000	71.578
1992.0000	71.7573
1991.0000	71.9859
1990.0000	72.0491
1989.0000	72.3148
1988.0000	72.425
1987.0000	72.5939
1986.0000	72.8475
1985.0000	72.9876
1984.0000	73.2314
1983.0000	73.4167
1982.0000	73.6721
1981.0000	74.0071
1980.0000	74.2303
1979.0000	74.4583
1978.0000	74.7745
1977.0000	74.9948
1976.0000	75.3727
1975.0000	75.5445
1974.0000	75.7747
1973.0000	76.1192
1972.0000	76.3745
1971.0000	76.7225
1970.0000	76.9251
1969.0000	77.2589
1968.0000	77.6105
1967.0000	77.8632
1966.0000	78.1969
1965.0000	78.4709
1964.0000	78.8536
1963.0000	79.1321
1962.0000	79.3735
1961.0000	79.7664
1960.0000	80.0005
1959.0000	80.2966
1958.0000	80.5557
1957.0000	80.805
1956.0000	81.207
1955.0000	81.3841
1954.0000	81.7314
1953.0000	81.9324
1952.0000	82.1776
1951.0000	82.4749
1950.0000	82.6105
1949.0000	82.9061
1948.0000	83.1065
1947.0000	83.2149
1946.0000	83.4305
1945.0000	83.5361
1944.0000	83.7811
1943.0000	83.8627
1942.0000	84.0073
1941.0000	84.2004
1940.0000	84.3418
1939.0000	84.5206
1938.0000	84.5668
1937.0000	84.5713
1936.0000	84.6978
1935.0000	84.6443
1934.0000	84.6762
1933.0000	84.64
1932.0000	84.6549
1931.0000	84.6227
1930.0000	84.5768
1929.0000	84.6545
1928.0000	84.6034
1927.0000	84.5576
1926.0000	84.2969
1925.0000	84.1198
1924.0000	84.018
1923.0000	83.7253
1922.0000	83.5036
1921.0000	83.2383
1920.0000	83.0915
1919.0000	82.9664
1918.0000	82.7053
1917.0000	82.4711
1916.0000	82.172
1915.0000	81.9012
1914.0000	81.5296
1913.0000	81.2373
1912.0000	81.0104
1911.0000	80.814
1910.0000	80.7358
1909.0000	80.5119
1908.0000	80.3952
1907.0000	80.2468
1906.0000	80.0467
1905.0000	79.8557
1904.0000	79.4519
1903.0000	79.1531
1902.0000	78.6766
1901.0000	78.2643
1900.0000	77.8331
1899.0000	77.387
1898.0000	77.1198
1897.0000	76.7792
1896.0000	76.41
1895.0000	76.0573
1894.0000	75.6537
1893.0000	75.2626
1892.0000	74.8615
1891.0000	74.6672
1890.0000	74.4608
1889.0000	74.3932
1888.0000	74.2801
1887.0000	74.1902
1886.0000	74.0393
1885.0000	73.74
1884.0000	73.563
1883.0000	73.2652
1882.0000	73.1181
1881.0000	72.9116
1880.0000	72.7655
1879.0000	72.5692
1878.0000	72.289
1877.0000	72.0475
1876.0000	71.6708
1875.0000	71.4018
1874.0000	71.1025
1873.0000	71.0666
1872.0000	71.1817
1871.0000	71.2986
1870.0000	71.4171
1869.0000	71.3518
1868.0000	71.3753
1867.0000	71.2164
1866.0000	71.0923
1865.0000	70.8173
1864.0000	70.6559
1863.0000	70.6229
1862.0000	70.6511
1861.0000	70.8057
1860.0000	70.9584
1859.0000	71.2328
1858.0000	71.3988
1857.0000	71.5761
1856.0000	71.6805
1855.0000	71.7009
1854.0000	71.7187
1853.0000	71.678
1852.0000	71.7479
1851.0000	71.8549
1850.0000	72.038
1849.0000	72.2272
1848.0000	72.4524
1847.0000	72.6419
1846.0000	72.7157
1845.0000	72.7787
1844.0000	72.8174
1843.0000	72.9466
1842.0000	73.0878
1841.0000	73.3264
1840.0000	73.7453
1839.0000	74.173
1838.0000	74.6947
1837.0000	75.2235
1836.0000	75.6058
1835.0000	75.9412
1834.0000	76.2417
1833.0000	76.4932
1832.0000	76.7946
1831.0000	77.08
1830.0000	77.3622
1829.0000	77.6876
1828.0000	78.0855
1827.0000	78.4299
1826.0000	78.8573
1825.0000	79.2257
1824.0000	79.5543
1823.0000	79.897
1822.0000	80.2852
1821.0000	80.6534
1820.0000	81.0035
1819.0000	81.3373
1818.0000	81.6947
1817.0000	82.0959
1816.0000	82.4067
1815.0000	82.7506
1814.0000	83.0041
1813.0000	83.2763
1812.0000	83.5414
1811.0000	83.7453
1810.0000	84.0125
1809.0000	84.1499
1808.0000	84.3504
1807.0000	84.5295
1806.0000	84.6054
1805.0000	84.7069
1804.0000	84.7975
1803.0000	84.8178
1802.0000	84.8595
1801.0000	84.8568
1800.0000	84.8855
1799.0000	84.8882
1798.0000	84.8447
1797.0000	84.8094
1796.0000	84.7357
1795.0000	84.6548
1794.0000	84.5366
1793.0000	84.3751
1792.0000	84.227
1791.0000	84.062
1790.0000	83.8408
1789.0000	83.6566
1788.0000	83.4348
1787.0000	83.2113
1786.0000	82.9555
1785.0000	82.6399
1784.0000	82.3839
1783.0000	82.0566
1782.0000	81.7099
1781.0000	81.3964
1780.0000	81.0461
1779.0000	80.6409
1778.0000	80.2618
1777.0000	79.8741
1776.0000	79.5006
1775.0000	79.115
1774.0000	78.7331
1773.0000	78.372
1772.0000	78.0263
1771.0000	77.631
1770.0000	77.2739
1769.0000	76.9057
1768.0000	76.5328
1767.0000	76.1435
1766.0000	75.8064
1765.0000	75.4429
1764.0000	75.1292
1763.0000	74.7718
1762.0000	74.4394
1761.0000	74.121
1760.0000	73.8101
1759.0000	73.4959
1758.0000	73.2043
1757.0000	72.9022
1756.0000	72.6571
1755.0000	72.4111
1754.0000	72.1781
1753.0000	71.9423
1752.0000	71.7324
1751.0000	71.5197
1750.0000	71.3841
1749.0000	71.1771
1748.0000	71.0234
1747.0000	70.8472
1746.0000	70.7744
1745.0000	70.6881
1744.0000	70.5869
1743.0000	70.4905
1742.0000	70.4453
1741.0000	70.435
1740.0000	70.4073
1739.0000	70.3784
1738.0000	70.4024
1737.0000	70.4192
1736.0000	70.4994
1735.0000	70.5614
1734.0000	70.6546
1733.0000	70.7635
1732.0000	70.8958
1731.0000	71.0202
1730.0000	71.1679
1729.0000	71.3279
1728.0000	71.5122
1727.0000	71.6975
1726.0000	71.9294
1725.0000	72.1464
1724.0000	72.3958
1723.0000	72.6591
1722.0000	72.9268
1721.0000	73.1918
1720.0000	73.4772
1719.0000	73.7699
1718.0000	74.1247
1717.0000	74.4626
1716.0000	74.8379
1715.0000	75.2365
1714.0000	75.635
1713.0000	76.0445
1712.0000	76.4292
1711.0000	76.7973
1710.0000	77.18
1709.0000	77.5381
1708.0000	77.9015
1707.0000	78.3035
1706.0000	78.7291
1705.0000	79.1473
1704.0000	79.5065
1703.0000	79.905
1702.0000	80.3936
1701.0000	80.7517
1700.0000	81.1022
1699.0000	81.4476
1698.0000	81.8497
1697.0000	82.2019
1696.0000	82.4675
1695.0000	82.7849
1694.0000	83.0947
1693.0000	83.3925
1692.0000	83.6362
1691.0000	83.9111
1690.0000	84.1247
1689.0000	84.2826
1688.0000	84.4479
1687.0000	84.6052
1686.0000	84.7166
1685.0000	84.7905
1684.0000	84.8581
1683.0000	84.8842
1682.0000	84.9023
1681.0000	84.8596
1680.0000	84.7989
1679.0000	84.7098
1678.0000	84.6261
1677.0000	84.4903
1676.0000	84.3381
1675.0000	84.1373
1674.0000	83.9203
1673.0000	83.6964
1672.0000	83.4076
1671.0000	83.1118
1670.0000	82.8094
1669.0000	82.521
1668.0000	82.1777
1667.0000	81.8321
1666.0000	81.4891
1665.0000	81.113
1664.0000	80.7413
1663.0000	80.3608
1662.0000	79.9801
1661.0000	79.5857
1660.0000	79.173
1659.0000	78.7399
1658.0000	78.352
1657.0000	77.9231
1656.0000	77.5016
1655.0000	77.0645
1654.0000	76.6644
1653.0000	76.2549
1652.0000	75.8327
1651.0000	75.4244
1650.0000	75.0455
1649.0000	74.6247
1648.0000	74.2609
1647.0000	73.9301
1646.0000	73.5783
1645.0000	73.2771
1644.0000	72.9744
1643.0000	72.6887
1642.0000	72.4145
1641.0000	72.1975
1640.0000	71.9758
1639.0000	71.7465
1638.0000	71.5013
1637.0000	71.3349
1636.0000	71.2051
1635.0000	71.0629
1634.0000	70.9467
1633.0000	70.873
1632.0000	70.8393
1631.0000	70.7915
1630.0000	70.7567
1629.0000	70.7432
1628.0000	70.7522
1627.0000	70.8199
1626.0000	70.8454
1625.0000	70.9242
1624.0000	71.0534
1623.0000	71.2211
1622.0000	71.4034
1621.0000	71.5427
1620.0000	71.7436
1619.0000	71.9768
1618.0000	72.2602
1617.0000	72.5308
1616.0000	72.8276
1615.0000	73.1105
1614.0000	73.4591
1613.0000	73.7729
1612.0000	74.1338
1611.0000	74.4719
1610.0000	74.8558
1609.0000	75.2457
1608.0000	75.6661
1607.0000	76.0758
1606.0000	76.4993
1605.0000	76.9708
1604.0000	77.4098
1603.0000	77.846
1602.0000	78.2944
1601.0000	78.7677
1600.0000	79.264
1599.0000	79.7188
1598.0000	80.1495
1597.0000	80.5856
1596.0000	81.0307
1595.0000	81.4312
1594.0000	81.8192
1593.0000	82.1914
1592.0000	82.5022
1591.0000	82.8114
1590.0000	83.1496
1589.0000	83.4345
1588.0000	83.6882
1587.0000	83.8947
1586.0000	84.0929
1585.0000	84.2827
1584.0000	84.4286
1583.0000	84.4897
1582.0000	84.5328
1581.0000	84.605
1580.0000	84.5804
1579.0000	84.5476
1578.0000	84.4835
1577.0000	84.4195
1576.0000	84.3128
1575.0000	84.1481
1574.0000	83.9919
1573.0000	83.7097
1572.0000	83.4732
1571.0000	83.1375
1570.0000	82.7633
1569.0000	82.4376
1568.0000	82.0499
1567.0000	81.6647
1566.0000	81.2392
1565.0000	80.8151
1564.0000	80.3603
1563.0000	79.916
1562.0000	79.44
1561.0000	78.995
1560.0000	78.5432
1559.0000	78.1181
1558.0000	77.6335
1557.0000	77.163
1556.0000	76.6819
1555.0000	76.1954
1554.0000	75.721
1553.0000	75.2587
1552.0000	74.8207
1551.0000	74.4228
1550.0000	74.0596
1549.0000	73.6717
1548.0000	73.2944
1547.0000	72.9412
1546.0000	72.6045
1545.0000	72.3001
1544.0000	72.0012
1543.0000	71.753
1542.0000	71.5326
1541.0000	71.3539
1540.0000	71.1612
1539.0000	71.0524
1538.0000	70.9234
1537.0000	70.8418
1536.0000	70.7961
1535.0000	70.735
1534.0000	70.7137
1533.0000	70.7136
1532.0000	70.7597
1531.0000	70.8482
1530.0000	70.937
1529.0000	71.0551
1528.0000	71.2334
1527.0000	71.3863
1526.0000	71.6008
1525.0000	71.831
1524.0000	72.0754
1523.0000	72.3754
1522.0000	72.6703
1521.0000	73.0571
1520.0000	73.399
1519.0000	73.826
1518.0000	74.2334
1517.0000	74.6248
1516.0000	75.0917
1515.0000	75.5427
1514.0000	76.0137
1513.0000	76.4898
1512.0000	76.9713
1511.0000	77.4652
1510.0000	77.9924
1509.0000	78.4988
1508.0000	78.9914
1507.0000	79.4814
1506.0000	79.9766
1505.0000	80.4837
1504.0000	80.9594
1503.0000	81.4202
1502.0000	81.8735
1501.0000	82.2933
1500.0000	82.6834
1499.0000	83.0271
1498.0000	83.3557
1497.0000	83.6897
1496.0000	83.9828
1495.0000	84.2183
1494.0000	84.4208
1493.0000	84.5717
1492.0000	84.723
1491.0000	84.8085
1490.0000	84.8359
1489.0000	84.8236
1488.0000	84.7642
1487.0000	84.6977
1486.0000	84.5365
1485.0000	84.3301
1484.0000	84.0644
1483.0000	83.7847
1482.0000	83.4752
1481.0000	83.1185
1480.0000	82.7234
1479.0000	82.3178
1478.0000	81.8754
1477.0000	81.4179
1476.0000	80.9056
1475.0000	80.4131
1474.0000	79.8729
1473.0000	79.3031
1472.0000	78.7776
1471.0000	78.2256
1470.0000	77.7107
1469.0000	77.1518
1468.0000	76.6715
1467.0000	76.1555
1466.0000	75.6549
1465.0000	75.1347
1464.0000	74.6673
1463.0000	74.2009
1462.0000	73.7295
1461.0000	73.3123
1460.0000	72.867
1459.0000	72.4862
1458.0000	72.1451
1457.0000	71.8225
1456.0000	71.5439
1455.0000	71.2805
1454.0000	71.074
1453.0000	70.9155
1452.0000	70.7486
1451.0000	70.607
1450.0000	70.4706
1449.0000	70.44
1448.0000	70.4092
1447.0000	70.4099
1446.0000	70.4686
1445.0000	70.5745
1444.0000	70.7284
1443.0000	70.9261
1442.0000	71.1359
1441.0000	71.3683
1440.0000	71.6717
1439.0000	71.9894
1438.0000	72.3057
1437.0000	72.6556
1436.0000	73.0446
1435.0000	73.4443
1434.0000	73.8986
1433.0000	74.3676
1432.0000	74.8581
1431.0000	75.3811
1430.0000	75.9231
1429.0000	76.5022
1428.0000	77.0806
1427.0000	77.6338
1426.0000	78.1916
1425.0000	78.7905
1424.0000	79.3489
1423.0000	79.8999
1422.0000	80.4543
1421.0000	80.9862
1420.0000	81.4915
1419.0000	81.9741
1418.0000	82.4771
1417.0000	82.8777
1416.0000	83.2597
1415.0000	83.596
1414.0000	83.904
1413.0000	84.1468
1412.0000	84.3269
1411.0000	84.4591
1410.0000	84.5612
1409.0000	84.5783
1408.0000	84.5549
1407.0000	84.4432
1406.0000	84.3319
1405.0000	84.1341
1404.0000	83.8889
1403.0000	83.6139
1402.0000	83.3306
1401.0000	82.9753
1400.0000	82.5747
1399.0000	82.1517
1398.0000	81.6933
1397.0000	81.1774
1396.0000	80.6026
1395.0000	79.996
1394.0000	79.3744
1393.0000	78.7572
1392.0000	78.1484
1391.0000	77.5483
1390.0000	77.003
1389.0000	76.5219
1388.0000	76.0178
1387.0000	75.54
1386.0000	75.0197
1385.0000	74.5048
1384.0000	73.9551
1383.0000	73.3881
1382.0000	72.8871
1381.0000	72.4141
1380.0000	72.0507
1379.0000	71.7349
1378.0000	71.4646
1377.0000	71.2268
1376.0000	71.0266
1375.0000	70.8533
1374.0000	70.7286
1373.0000	70.7146
1372.0000	70.7279
1371.0000	70.7528
1370.0000	70.8328
1369.0000	70.926
1368.0000	71.0474
1367.0000	71.1747
1366.0000	71.3798
1365.0000	71.6456
1364.0000	71.9797
1363.0000	72.3771
1362.0000	72.8129
1361.0000	73.3038
1360.0000	73.8257
1359.0000	74.3785
1358.0000	74.963
1357.0000	75.5391
1356.0000	76.1631
1355.0000	76.7725
1354.0000	77.3791
1353.0000	78.0019
1352.0000	78.61
1351.0000	79.2468
1350.0000	79.8456
1349.0000	80.4508
1348.0000	81.0279
1347.0000	81.5664
1346.0000	82.0798
1345.0000	82.5581
1344.0000	82.9865
1343.0000	83.3734
1342.0000	83.722
1341.0000	84.0025
1340.0000	84.2214
1339.0000	84.3758
1338.0000	84.483
1337.0000	84.513
1336.0000	84.4534
1335.0000	84.3309
1334.0000	84.1357
1333.0000	83.875
1332.0000	83.5726
1331.0000	83.1943
1330.0000	82.7811
1329.0000	82.3186
1328.0000	81.824
1327.0000	81.2991
1326.0000	80.7066
1325.0000	80.0965
1324.0000	79.4673
1323.0000	78.8144
1322.0000	78.1526
1321.0000	77.4712
1320.0000	76.8098
1319.0000	76.1856
1318.0000	75.5247
1317.0000	74.9032
1316.0000	74.3437
1315.0000	73.7725
1314.0000	73.2826
1313.0000	72.8126
1312.0000	72.3749
1311.0000	71.9888
1310.0000	71.6231
1309.0000	71.3104
1308.0000	71.0656
1307.0000	70.8228
1306.0000	70.676
1305.0000	70.5934
1304.0000	70.5446
1303.0000	70.5546
1302.0000	70.6063
1301.0000	70.6994
1300.0000	70.862
1299.0000	71.0617
1298.0000	71.3224
1297.0000	71.6361
1296.0000	72.0188
1295.0000	72.4351
1294.0000	72.9003
1293.0000	73.3963
1292.0000	73.9844
1291.0000	74.5739
1290.0000	75.2065
1289.0000	75.8638
1288.0000	76.5377
1287.0000	77.2445
1286.0000	77.9424
1285.0000	78.6294
1284.0000	79.3214
1283.0000	80.002
1282.0000	80.6567
1281.0000	81.2972
1280.0000	81.8869
1279.0000	82.4621
1278.0000	82.9827
1277.0000	83.4149
1276.0000	83.7557
1275.0000	84.0563
1274.0000	84.2896
1273.0000	84.4343
1272.0000	84.4929
1271.0000	84.4507
1270.0000	84.3741
1269.0000	84.2009
1268.0000	83.9531
1267.0000	83.6387
1266.0000	83.2247
1265.0000	82.75
1264.0000	82.2476
1263.0000	81.6687
1262.0000	81.0381
1261.0000	80.3681
1260.0000	79.6514
1259.0000	78.946
1258.0000	78.2174
1257.0000	77.4873
1256.0000	76.7559
1255.0000	76.0644
1254.0000	75.3702
1253.0000	74.7263
1252.0000	74.0945
1251.0000	73.5038
1250.0000	72.9456
1249.0000	72.4422
1248.0000	71.9902
1247.0000	71.6115
1246.0000	71.2625
1245.0000	70.9785
1244.0000	70.7728
1243.0000	70.6269
1242.0000	70.566
1241.0000	70.5446
1240.0000	70.5997
1239.0000	70.7304
1238.0000	70.9185
1237.0000	71.1581
1236.0000	71.4853
1235.0000	71.881
1234.0000	72.3243
1233.0000	72.8291
1232.0000	73.383
1231.0000	73.9847
1230.0000	74.6123
1229.0000	75.2851
1228.0000	75.9927
1227.0000	76.7406
1226.0000	77.4915
1225.0000	78.2548
1224.0000	79.0206
1223.0000	79.7536
1222.0000	80.4884
1221.0000	81.16
1220.0000	81.8099
1219.0000	82.3893
1218.0000	82.8838
1217.0000	83.3531
1216.0000	83.7214
1215.0000	83.9763
1214.0000	84.1634
1213.0000	84.2263
1212.0000	84.2069
1211.0000	84.0701
1210.0000	83.8345
1209.0000	83.5075
1208.0000	83.1251
1207.0000	82.6611
1206.0000	82.0802
1205.0000	81.4768
1204.0000	80.8099
1203.0000	80.1073
1202.0000	79.3452
1201.0000	78.5863
1200.0000	77.7563
1199.0000	76.9955
1198.0000	76.2443
1197.0000	75.5016
1196.0000	74.8013
1195.0000	74.1219
1194.0000	73.5053
1193.0000	72.9048
1192.0000	72.3856
1191.0000	71.9105
1190.0000	71.5135
1189.0000	71.1868
1188.0000	70.9154
1187.0000	70.743
1186.0000	70.6421
1185.0000	70.6227
1184.0000	70.6898
1183.0000	70.8654
1182.0000	71.1192
1181.0000	71.4241
1180.0000	71.8111
1179.0000	72.2645
1178.0000	72.7889
1177.0000	73.3615
1176.0000	74.0012
1175.0000	74.6818
1174.0000	75.4098
1173.0000	76.1831
1172.0000	76.9758
1171.0000	77.7957
1170.0000	78.6271
1169.0000	79.4368
1168.0000	80.2589
1167.0000	81.025
1166.0000	81.725
1165.0000	82.3673
1164.0000	82.9302
1163.0000	83.3805
1162.0000	83.725
1161.0000	83.9446
1160.0000	84.0894
1159.0000	84.0902
1158.0000	83.9699
1157.0000	83.7499
1156.0000	83.4299
1155.0000	83.0078
1154.0000	82.4667
1153.0000	81.8289
1152.0000	81.1262
1151.0000	80.3882
1150.0000	79.5848
1149.0000	78.7365
1148.0000	77.8566
1147.0000	76.9996
1146.0000	76.1912
1145.0000	75.3732
1144.0000	74.5805
1143.0000	73.8383
1142.0000	73.1632
1141.0000	72.5554
1140.0000	72.0168
1139.0000	71.547
1138.0000	71.1464
1137.0000	70.8367
1136.0000	70.6384
1135.0000	70.5179
1134.0000	70.4778
1133.0000	70.5367
1132.0000	70.6981
1131.0000	70.9609
1130.0000	71.3075
1129.0000	71.7554
1128.0000	72.2889
1127.0000	72.9137
1126.0000	73.589
1125.0000	74.3442
1124.0000	75.1699
1123.0000	75.9953
1122.0000	76.8962
1121.0000	77.7721
1120.0000	78.6755
1119.0000	79.5589
1118.0000	80.414
1117.0000	81.1792
1116.0000	81.9038
1115.0000	82.5468
1114.0000	83.111
1113.0000	83.5309
1112.0000	83.8173
1111.0000	83.9887
1110.0000	84.0521
1109.0000	83.9533
1108.0000	83.6802
1107.0000	83.3178
1106.0000	82.8161
1105.0000	82.2485
1104.0000	81.5457
1103.0000	80.7541
1102.0000	79.944
1101.0000	79.0458
1100.0000	78.1663
1099.0000	77.2184
1098.0000	76.3175
1097.0000	75.4362
1096.0000	74.5614
1095.0000	73.7833
1094.0000	73.0505
1093.0000	72.4184
1092.0000	71.8611
1091.0000	71.3845
1090.0000	71.0271
1089.0000	70.7797
1088.0000	70.6539
1087.0000	70.6284
1086.0000	70.6904
1085.0000	70.8716
1084.0000	71.1757
1083.0000	71.6137
1082.0000	72.1326
1081.0000	72.713
1080.0000	73.423
1079.0000	74.2046
1078.0000	75.051
1077.0000	75.9178
1076.0000	76.8258
1075.0000	77.7943
1074.0000	78.7464
1073.0000	79.6808
1072.0000	80.5612
1071.0000	81.3657
1070.0000	82.0998
1069.0000	82.7136
1068.0000	83.1809
1067.0000	83.5302
1066.0000	83.7004
1065.0000	83.7616
1064.0000	83.6539
1063.0000	83.3735
1062.0000	82.9559
1061.0000	82.4063
1060.0000	81.7152
1059.0000	80.9401
1058.0000	80.0479
1057.0000	79.0855
1056.0000	78.1063
1055.0000	77.1089
1054.0000	76.1457
1053.0000	75.2155
1052.0000	74.3204
1051.0000	73.5197
1050.0000	72.7594
1049.0000	72.1156
1048.0000	71.5673
1047.0000	71.1124
1046.0000	70.8113
1045.0000	70.6051
1044.0000	70.5781
1043.0000	70.6687
1042.0000	70.8805
1041.0000	71.2387
1040.0000	71.7414
1039.0000	72.3619
1038.0000	73.0781
1037.0000	73.894
1036.0000	74.7985
1035.0000	75.7577
1034.0000	76.7622
1033.0000	77.7567
1032.0000	78.7794
1031.0000	79.776
1030.0000	80.6999
1029.0000	81.5582
1028.0000	82.2878
1027.0000	82.9014
1026.0000	83.3332
1025.0000	83.5972
1024.0000	83.6778
1023.0000	83.5648
1022.0000	83.283
1021.0000	82.8206
1020.0000	82.1831
1019.0000	81.4232
1018.0000	80.5268
1017.0000	79.5523
1016.0000	78.523
1015.0000	77.4566
1014.0000	76.4102
1013.0000	75.3621
1012.0000	74.3942
1011.0000	73.4845
1010.0000	72.6862
1009.0000	72.0203
1008.0000	71.444
1007.0000	71.0003
1006.0000	70.7009
1005.0000	70.5649
1004.0000	70.5947
1003.0000	70.753
1002.0000	71.0469
1001.0000	71.5441
1000.0000	72.1522
999.0000	72.8984
998.0000	73.7283
997.0000	74.6829
996.0000	75.7314
995.0000	76.8222
994.0000	77.9355
993.0000	79.0114
992.0000	80.0579
991.0000	81.0184
990.0000	81.847
989.0000	82.4967
988.0000	83.021
987.0000	83.3809
986.0000	83.5055
985.0000	83.3755
984.0000	83.0879
983.0000	82.5819
982.0000	81.9214
981.0000	81.0241
980.0000	80.0644
979.0000	79.0437
978.0000	77.9018
977.0000	76.8057
976.0000	75.6715
975.0000	74.6233
974.0000	73.6602
973.0000	72.7818
972.0000	72.0471
971.0000	71.4581
970.0000	71.0334
969.0000	70.7872
968.0000	70.724
967.0000	70.8259
966.0000	71.1302
965.0000	71.5847
964.0000	72.1635
963.0000	72.9305
962.0000	73.84
961.0000	74.8281
960.0000	75.937
959.0000	77.0751
958.0000	78.2428
957.0000	79.3533
956.0000	80.4
955.0000	81.3441
954.0000	82.0931
953.0000	82.6705
952.0000	83.0347
951.0000	83.1674
950.0000	83.0663
949.0000	82.7872
948.0000	82.2151
947.0000	81.4811
946.0000	80.6227
945.0000	79.5488
944.0000	78.4357
943.0000	77.2804
942.0000	76.1102
941.0000	74.944
940.0000	73.86
939.0000	72.9396
938.0000	72.0914
937.0000	71.4152
936.0000	70.937
935.0000	70.7051
934.0000	70.6185
933.0000	70.7383
932.0000	71.0845
931.0000	71.5852
930.0000	72.2744
929.0000	73.0991
928.0000	74.1012
927.0000	75.24
926.0000	76.3987
925.0000	77.6485
924.0000	78.8644
923.0000	79.9964
922.0000	81.0199
921.0000	81.8587
920.0000	82.5111
919.0000	82.9147
918.0000	83.0487
917.0000	82.9645
916.0000	82.5933
915.0000	81.9799
914.0000	81.1648
913.0000	80.1188
912.0000	78.9522
911.0000	77.6781
910.0000	76.3751
909.0000	75.0692
908.0000	73.9416
907.0000	72.9133
906.0000	72.0277
905.0000	71.3664
904.0000	70.9644
903.0000	70.7494
902.0000	70.7694
901.0000	70.9406
900.0000	71.3131
899.0000	71.5983
898.0000	72.1396
897.0000	72.8497
896.0000	73.3452
895.0000	74.2794
894.0000	75.2589
893.0000	76.4276
892.0000	77.547
891.0000	78.717
890.0000	80.0612
889.0000	81.115
888.0000	81.8696
887.0000	82.3151
886.0000	82.6316
885.0000	82.612
884.0000	82.168
883.0000	81.5615
882.0000	80.7148
881.0000	79.6626
880.0000	78.4474
879.0000	77.1667
878.0000	75.8888
877.0000	74.5352
876.0000	73.2837
875.0000	72.2154
874.0000	71.3943
873.0000	70.8609
872.0000	70.5268
871.0000	70.4167
870.0000	70.6028
869.0000	71.0824
868.0000	71.7694
867.0000	72.6675
866.0000	73.8346
865.0000	75.0977
864.0000	76.4888
863.0000	77.91
862.0000	79.2655
861.0000	80.4974
860.0000	81.5523
859.0000	82.2774
858.0000	82.7029
857.0000	82.8004
856.0000	82.5031
855.0000	81.8853
854.0000	80.9253
853.0000	79.7767
852.0000	78.405
851.0000	76.9224
850.0000	75.4406
849.0000	74.0532
848.0000	72.8081
847.0000	71.7536
846.0000	70.9419
845.0000	70.4212
844.0000	70.2187
843.0000	70.2745
842.0000	70.6625
841.0000	71.3628
840.0000	72.3301
839.0000	73.5148
838.0000	74.9104
837.0000	76.4125
836.0000	77.9207
835.0000	79.398
834.0000	80.6802
833.0000	81.7343
832.0000	82.4226
831.0000	82.7162
830.0000	82.636
829.0000	82.0956
828.0000	81.2291
827.0000	80.0454
826.0000	78.6611
825.0000	77.1603
824.0000	75.6457
823.0000	74.2196
822.0000	72.9086
821.0000	71.8187
820.0000	71.0013
819.0000	70.4693
818.0000	70.2968
817.0000	70.4521
816.0000	70.9698
815.0000	71.8072
814.0000	72.9301
813.0000	74.2767
812.0000	75.7983
811.0000	77.3287
810.0000	78.8492
809.0000	80.1921
808.0000	81.3032
807.0000	82.0545
806.0000	82.3961
805.0000	82.2894
804.0000	81.7328
803.0000	80.7626
802.0000	79.479
801.0000	77.973
800.0000	76.3665
799.0000	74.7589
798.0000	73.3062
797.0000	72.0681
796.0000	71.0992
795.0000	70.4994
794.0000	70.2954
793.0000	70.4573
792.0000	71.0283
791.0000	71.9419
790.0000	73.1776
789.0000	74.6476
788.0000	76.268
787.0000	77.9087
786.0000	79.4351
785.0000	80.7479
784.0000	81.7024
783.0000	82.2164
782.0000	82.214
781.0000	81.7301
780.0000	80.7913
779.0000	79.4838
778.0000	77.9208
777.0000	76.2361
776.0000	74.5563
775.0000	73.0514
774.0000	71.7956
773.0000	70.8661
772.0000	70.3466
771.0000	70.2271
770.0000	70.582
769.0000	71.3426
768.0000	72.4552
767.0000	73.8794
766.0000	75.5067
765.0000	77.2025
764.0000	78.8583
763.0000	80.2773
762.0000	81.3455
761.0000	81.9255
760.0000	81.9713
759.0000	81.4728
758.0000	80.4696
757.0000	79.0763
756.0000	77.428
755.0000	75.6752
754.0000	74.0045
753.0000	72.5353
752.0000	71.383
751.0000	70.6465
750.0000	70.3683
749.0000	70.5952
748.0000	71.2922
747.0000	72.4191
746.0000	73.8829
745.0000	75.5823
744.0000	77.348
743.0000	79.0241
742.0000	80.4129
741.0000	81.3511
740.0000	81.743
739.0000	81.5493
738.0000	80.7667
737.0000	79.4938
736.0000	77.8797
735.0000	76.0999
734.0000	74.3369
733.0000	72.75
732.0000	71.4927
731.0000	70.6742
730.0000	70.3705
729.0000	70.5816
728.0000	71.3047
727.0000	72.4993
726.0000	74.0666
725.0000	75.8426
724.0000	77.6554
723.0000	79.3045
722.0000	80.6182
721.0000	81.3794
720.0000	81.5237
719.0000	81.0225
718.0000	79.9539
717.0000	78.4155
716.0000	76.6125
715.0000	74.7695
714.0000	73.0824
713.0000	71.7143
712.0000	70.8091
711.0000	70.4551
710.0000	70.688
709.0000	71.4904
708.0000	72.7927
707.0000	74.445
706.0000	76.2896
705.0000	78.1142
704.0000	79.6666
703.0000	80.7599
702.0000	81.2114
701.0000	80.9522
700.0000	80.0201
699.0000	78.5528
698.0000	76.7559
697.0000	74.861
696.0000	73.1025
695.0000	71.7106
694.0000	70.8222
693.0000	70.5326
692.0000	70.8884
691.0000	71.8506
690.0000	73.3242
689.0000	75.1237
688.0000	77.042
687.0000	78.8079
686.0000	80.1628
685.0000	80.8914
684.0000	80.8811
683.0000	80.1502
682.0000	78.7639
681.0000	76.9784
680.0000	75.0328
679.0000	73.2037
678.0000	71.7355
677.0000	70.8016
676.0000	70.5309
675.0000	70.9513
674.0000	72.014
673.0000	73.6136
672.0000	75.5085
671.0000	77.4436
670.0000	79.1191
669.0000	80.2769
668.0000	80.7093
667.0000	80.3222
666.0000	79.2137
665.0000	77.542
664.0000	75.5942
663.0000	73.6569
662.0000	72.0428
661.0000	70.9981
660.0000	70.6437
659.0000	71.033
658.0000	72.1223
657.0000	73.7694
656.0000	75.7089
655.0000	77.6338
654.0000	79.2077
653.0000	80.1643
652.0000	80.2916
651.0000	79.5881
650.0000	78.1569
649.0000	76.2782
648.0000	74.2869
647.0000	72.5127
646.0000	71.2642
645.0000	70.725
644.0000	71.0001
643.0000	72.0513
642.0000	73.7045
641.0000	75.6712
640.0000	77.6004
639.0000	79.1535
638.0000	79.9923
637.0000	79.9405
636.0000	79.0289
635.0000	77.4186
634.0000	75.4381
633.0000	73.4734
632.0000	71.8789
631.0000	70.94
630.0000	70.8273
629.0000	71.5447
628.0000	72.9831
627.0000	74.8981
626.0000	76.8873
625.0000	78.5699
624.0000	79.5864
623.0000	79.6991
622.0000	78.8984
621.0000	77.3378
620.0000	75.3662
619.0000	73.407
618.0000	71.8359
617.0000	70.9794
616.0000	71.0126
615.0000	71.9293
614.0000	73.5397
613.0000	75.5076
612.0000	77.4169
611.0000	78.8318
610.0000	79.4049
609.0000	79.0043
608.0000	77.7026
607.0000	75.8267
606.0000	73.8076
605.0000	72.1114
604.0000	71.12
603.0000	71.0485
602.0000	71.9254
601.0000	73.5456
600.0000	75.5326
599.0000	77.3973
598.0000	78.6762
597.0000	79.0371
596.0000	78.3788
595.0000	76.8705
594.0000	74.909
593.0000	72.9967
592.0000	71.6187
591.0000	71.1034
590.0000	71.5828
589.0000	72.9454
588.0000	74.8365
587.0000	76.7514
586.0000	78.1687
585.0000	78.7142
584.0000	78.2248
583.0000	76.8315
582.0000	74.9068
581.0000	73.0201
580.0000	71.6728
579.0000	71.2331
578.0000	71.8116
577.0000	73.2542
576.0000	75.1503
575.0000	76.9643
574.0000	78.1331
573.0000	78.3172
572.0000	77.4647
571.0000	75.8235
570.0000	73.8922
569.0000	72.2323
568.0000	71.3589
567.0000	71.5418
566.0000	72.7029
565.0000	74.4994
564.0000	76.3376
563.0000	77.6451
562.0000	78.0025
561.0000	77.2896
560.0000	75.7266
559.0000	73.8488
558.0000	72.276
557.0000	71.5341
556.0000	71.8571
555.0000	73.1505
554.0000	74.9316
553.0000	76.576
552.0000	77.4983
551.0000	77.3802
550.0000	76.2634
549.0000	74.5353
548.0000	72.8253
547.0000	71.7583
546.0000	71.7467
545.0000	72.7744
544.0000	74.413
543.0000	76.06
542.0000	77.0758
541.0000	77.0788
540.0000	76.0687
539.0000	74.4243
538.0000	72.7882
537.0000	71.8132
536.0000	71.8934
535.0000	72.9625
534.0000	74.5856
533.0000	76.0706
532.0000	76.8267
531.0000	76.5506
530.0000	75.342
529.0000	73.7156
528.0000	72.3478
527.0000	71.8405
526.0000	72.3957
525.0000	73.7435
524.0000	75.2411
523.0000	76.2408
522.0000	76.3114
521.0000	75.4276
520.0000	73.9294
519.0000	72.5735
518.0000	71.9989
517.0000	72.4473
516.0000	73.6775
515.0000	75.064
514.0000	75.9495
513.0000	75.9271
512.0000	75.0065
511.0000	73.6329
510.0000	72.4989
509.0000	72.2083
508.0000	72.8607
507.0000	74.0671
506.0000	75.1585
505.0000	75.5997
504.0000	75.1603
503.0000	74.0695
502.0000	72.9306
501.0000	72.3854
500.0000	72.7192
499.0000	73.6913
498.0000	74.7143
497.0000	75.1986
496.0000	74.8921
495.0000	73.95
494.0000	72.9444
493.0000	72.4693
492.0000	72.7853
491.0000	73.6374
490.0000	74.4691
489.0000	74.7813
488.0000	74.4027
487.0000	73.539
486.0000	72.7484
485.0000	72.5436
484.0000	73.0006
483.0000	73.7664
482.0000	74.3062
481.0000	74.2987
480.0000	73.766
479.0000	73.0588
478.0000	72.6539
477.0000	72.8248
476.0000	73.3789
475.0000	73.872
474.0000	73.9771
473.0000	73.6521
472.0000	73.1488
471.0000	72.8328
470.0000	72.8921
469.0000	73.2342
468.0000	73.5599
467.0000	73.5992
466.0000	73.3752
465.0000	73.0592
464.0000	72.8867
463.0000	72.9374
462.0000	73.0857
461.0000	73.1726
460.0000	73.1527
459.0000	73.0658
458.0000	73.0101
457.0000	72.9676
456.0000	72.8996
455.0000	72.7946
454.0000	72.7425
453.0000	72.8372
452.0000	73.0132
451.0000	73.0482
450.0000	72.8323
449.0000	72.5033
448.0000	72.358
447.0000	72.5597
446.0000	72.9338
445.0000	73.0511
444.0000	72.6963
443.0000	72.1635
442.0000	71.9928
441.0000	72.3594
440.0000	72.902
439.0000	72.945
438.0000	72.3546
437.0000	71.7331
436.0000	71.7486
435.0000	72.4285
434.0000	72.9697
433.0000	72.6144
432.0000	71.7035
431.0000	71.2802
430.0000	71.8408
429.0000	72.7242
428.0000	72.7131
427.0000	71.7157
426.0000	70.9309
425.0000	71.355
424.0000	72.4479
423.0000	72.628
422.0000	71.5452
421.0000	70.5949
420.0000	71.0788
419.0000	72.2612
418.0000	72.3717
417.0000	71.1113
416.0000	70.243
415.0000	71.0268
414.0000	72.1842
413.0000	71.7888
412.0000	70.3357
411.0000	70.0735
410.0000	71.3427
409.0000	71.8775
408.0000	70.6262
407.0000	69.6475
406.0000	70.5211
405.0000	71.519
404.0000	70.6517
403.0000	69.4587
402.0000	70.0324
401.0000	71.0456
400.0000	70.3536
399.0000	69.2132
398.0000	69.7203
397.0000	70.5381
396.0000	69.72
395.0000	68.9123
394.0000	69.4898
393.0000	69.7449
392.0000	68.9254
391.0000	68.6786
390.0000	69.048
389.0000	68.7832
388.0000	68.3395
387.0000	68.2888
386.0000	68.19
385.0000	68.0134
384.0000	67.6234
383.0000	67.3278
382.0000	67.4839
381.0000	66.7551
380.0000	66.3465
379.0000	66.5506
378.0000	65.3847
377.0000	65.1676
376.0000	64.5548
375.0000	63.1793
374.0000	62.1264
373.0000	59.789
372.0000	56.5523
371.0000	52.1446
370.0000	45.5909
369.0000	37.8096
368.0000	28.9986
367.0000	20.8762
366.0000	13.6331
365.0000	7.89777
364.0000	3.74432
363.0000	1.29023
362.0000	0.281294
361.0000	0.0498729
360.0000	0.0244477
359.0000	0.0202606
358.0000	0.0166939
357.0000	0.0146261
356.0000	0.0133099
355.0000	0.0124614
354.0000	0.0113321
353.0000	0.0112404
352.0000	0.0106758
351.0000	0.010583
350.0000	0.010776
349.0000	0.0104915
348.0000	0.0105841
347.0000	0.0099278
346.0000	0.0096406
345.0000	0.00973327
344.0000	0.00925491
343.0000	0.00906738
342.0000	0.00887668
341.0000	0.00887986
340.0000	0.0321975
339.0000	0.0310533
338.0000	0.0305177
337.0000	0.0305801
336.0000	0.029917
335.0000	0.0296912
334.0000	0.0292605
333.0000	0.0295931
332.0000	0.0287216
331.0000	0.0278534
330.0000	0.0270016
329.0000	0.0259165
328.0000	0.0251735
327.0000	0.0245178
326.0000	0.0239653
325.0000	0.0234347
324.0000	0.0226847
323.0000	0.0217297
322.0000	0.0218328
321.0000	0.0208688
320.0000	0.0199279
319.0000	0.0193826
318.0000	0.0193778
317.0000	0.0187428
316.0000	0.0186268
315.0000	0.0182057
314.0000	0.0171306
313.0000	0.0177625
312.0000	0.0169154
311.0000	0.0164764
310.0000	0.0162655
309.0000	0.0153017
308.0000	0.0152927
307.0000	0.0151819
306.0000	0.0151608
305.0000	0.0146276
304.0000	0.0140957
303.0000	0.0142884
302.0000	0.014704
301.0000	0.0138633
300.0000	0.0135405
