2500.0000	85.1762
2499.0000	85.0633
2498.0000	85.2137
2497.0000	84.9523
2496.0000	84.733
2495.0000	84.0833
2494.0000	83.9968
2493.0000	83.8614
2492.0000	83.912
2491.0000	83.7445
2490.0000	83.3956
2489.0000	83.2417
2488.0000	83.3283
2487.0000	83.05
2486.0000	82.9734
2485.0000	83.1158
2484.0000	82.8583
2483.0000	82.6248
2482.0000	81.9027
2481.0000	82.0459
2480.0000	81.9943
2479.0000	81.5894
2478.0000	81.2672
2477.0000	81.2556
2476.0000	81.4392
2475.0000	81.5209
2474.0000	81.1733
2473.0000	81.2029
2472.0000	80.4518
2471.0000	80.0984
2470.0000	79.7838
2469.0000	79.9192
2468.0000	79.5694
2467.0000	79.1693
2466.0000	78.9908
2465.0000	78.6853
2464.0000	78.6883
2463.0000	78.3499
2462.0000	78.4535
2461.0000	78.3286
2460.0000	78.2009
2459.0000	77.8555
2458.0000	77.9813
2457.0000	77.8587
2456.0000	77.7746
2455.0000	77.6047
2454.0000	77.2099
2453.0000	77.2797
2452.0000	76.5146
2451.0000	76.7757
2450.0000	76.3664
2449.0000	76.6525
2448.0000	76.664
2447.0000	77.3642
2446.0000	76.8867
2445.0000	76.6555
2444.0000	76.1404
2443.0000	76.1672
2442.0000	75.9361
2441.0000	75.8669
2440.0000	75.7213
2439.0000	75.6241
2438.0000	75.595
2437.0000	75.383
2436.0000	75.2121
2435.0000	75.3496
2434.0000	75.3889
2433.0000	75.227
2432.0000	75.1685
2431.0000	75.1355
2430.0000	75.1591
2429.0000	74.9868
2428.0000	74.6681
2427.0000	74.9027
2426.0000	74.8248
2425.0000	74.857
2424.0000	74.6704
2423.0000	75.0672
2422.0000	74.9963
2421.0000	74.8628
2420.0000	74.6543
2419.0000	74.3255
2418.0000	74.5772
2417.0000	74.4548
2416.0000	74.55
2415.0000	74.6098
2414.0000	74.7775
2413.0000	74.8277
2412.0000	74.5797
2411.0000	74.4117
2410.0000	74.4294
2409.0000	74.6121
2408.0000	74.7017
2407.0000	74.8862
2406.0000	74.9174
2405.0000	74.8914
2404.0000	75.0467
2403.0000	75.0749
2402.0000	74.8348
2401.0000	74.5128
2400.0000	74.7115
2399.0000	75.1347
2398.0000	75.4487
2397.0000	75.6428
2396.0000	75.4926
2395.0000	75.3133
2394.0000	75.7531
2393.0000	76.0243
2392.0000	76.3935
2391.0000	76.4273
2390.0000	76.3519
2389.0000	76.2037
2388.0000	76.4572
2387.0000	76.6722
2386.0000	76.8431
2385.0000	76.6455
2384.0000	76.7078
2383.0000	77.0189
2382.0000	77.1516
2381.0000	77.5222
2380.0000	77.6085
2379.0000	78.0828
2378.0000	78.0906
2377.0000	78.1375
2376.0000	77.8088
2375.0000	77.986
2374.0000	78.1072
2373.0000	78.4462
2372.0000	78.7834
2371.0000	78.7418
2370.0000	79.2483
2369.0000	79.5014
2368.0000	80.0928
2367.0000	80.118
2366.0000	80.2909
2365.0000	80.2776
2364.0000	80.2873
2363.0000	80.4678
2362.0000	80.5726
2361.0000	80.8027
2360.0000	81.0797
2359.0000	81.2693
2358.0000	81.8045
2357.0000	81.7784
2356.0000	81.6261
2355.0000	81.6216
2354.0000	81.9808
2353.0000	82.4104
2352.0000	82.5919
2351.0000	82.599
2350.0000	82.9555
2349.0000	83.1842
2348.0000	83.6044
2347.0000	83.7301
2346.0000	83.8396
2345.0000	84.104
2344.0000	84.4505
2343.0000	84.4496
2342.0000	84.7329
2341.0000	84.6423
2340.0000	85.126
2339.0000	85.298
2338.0000	85.4956
2337.0000	85.4236
2336.0000	85.4061
2335.0000	85.4412
2334.0000	85.798
2333.0000	85.9363
2332.0000	86.0517
2331.0000	86.3888
2330.0000	86.6239
2329.0000	86.6233
2328.0000	86.7147
2327.0000	86.8157
2326.0000	86.8322
2325.0000	86.7337
2324.0000	86.8882
2323.0000	87.0526
2322.0000	87.3233
2321.0000	87.2407
2320.0000	87.3373
2319.0000	87.4668
2318.0000	87.7343
2317.0000	87.8765
2316.0000	87.7584
2315.0000	87.6892
2314.0000	87.6587
2313.0000	87.6667
2312.0000	87.414
2311.0000	87.6624
2310.0000	87.958
2309.0000	88.3144
2308.0000	88.2482
2307.0000	88.1414
2306.0000	87.9041
2305.0000	87.2683
2304.0000	87.0557
2303.0000	87.1441
2302.0000	87.1031
2301.0000	87.1224
2300.0000	87.3928
2299.0000	87.2465
2298.0000	87.1152
2297.0000	86.8672
2296.0000	86.8443
2295.0000	86.8699
2294.0000	86.6384
2293.0000	86.2722
2292.0000	86.3019
2291.0000	86.2805
2290.0000	86.0375
2289.0000	85.6957
2288.0000	85.7273
2287.0000	85.6426
2286.0000	85.7166
2285.0000	85.4111
2284.0000	85.0707
2283.0000	84.8405
2282.0000	84.5154
2281.0000	84.2301
2280.0000	84.1311
2279.0000	83.97
2278.0000	83.869
2277.0000	83.6265
2276.0000	83.3991
2275.0000	83.2157
2274.0000	83.2869
2273.0000	83.2089
2272.0000	82.8635
2271.0000	82.3894
2270.0000	82.0743
2269.0000	82.0042
2268.0000	82.213
2267.0000	81.7497
2266.0000	81.4376
2265.0000	81.1185
2264.0000	80.7633
2263.0000	80.6719
2262.0000	80.2327
2261.0000	79.9489
2260.0000	80.1278
2259.0000	79.832
2258.0000	79.4633
2257.0000	79.3234
2256.0000	79.1278
2255.0000	79.1135
2254.0000	78.7921
2253.0000	78.5218
2252.0000	78.2744
2251.0000	77.7646
2250.0000	77.8162
2249.0000	77.7085
2248.0000	77.3539
2247.0000	77.1168
2246.0000	76.8825
2245.0000	76.7583
2244.0000	76.548
2243.0000	76.3724
2242.0000	76.2919
2241.0000	76.3815
2240.0000	76.2454
2239.0000	76.2839
2238.0000	75.8482
2237.0000	75.8253
2236.0000	75.636
2235.0000	75.377
2234.0000	75.5621
2233.0000	75.2549
2232.0000	75.2946
2231.0000	74.951
2230.0000	74.7513
2229.0000	74.5755
2228.0000	74.6445
2227.0000	74.3824
2226.0000	74.4751
2225.0000	74.7739
2224.0000	74.5935
2223.0000	74.5391
2222.0000	74.3897
2221.0000	74.4314
2220.0000	74.1991
2219.0000	74.1764
2218.0000	74.0522
2217.0000	74.0725
2216.0000	73.8102
2215.0000	73.8518
2214.0000	73.8967
2213.0000	74.0034
2212.0000	73.8505
2211.0000	73.8334
2210.0000	73.7121
2209.0000	73.9911
2208.0000	73.9656
2207.0000	74.123
2206.0000	74.2763
2205.0000	74.3547
2204.0000	74.4948
2203.0000	74.4424
2202.0000	74.4935
2201.0000	74.6209
2200.0000	74.6245
2199.0000	74.8276
2198.0000	74.8675
2197.0000	75.127
2196.0000	75.1865
2195.0000	75.4564
2194.0000	75.5095
2193.0000	75.3693
2192.0000	75.4464
2191.0000	75.7787
2190.0000	75.9976
2189.0000	76.1245
2188.0000	76.3032
2187.0000	76.6901
2186.0000	76.8918
2185.0000	77.0554
2184.0000	77.0874
2183.0000	77.0362
2182.0000	77.4479
2181.0000	77.6405
2180.0000	77.798
2179.0000	78.1153
2178.0000	78.3557
2177.0000	78.6773
2176.0000	78.9266
2175.0000	79.307
2174.0000	79.365
2173.0000	79.8293
2172.0000	79.9684
2171.0000	80.0885
2170.0000	80.2543
2169.0000	80.317
2168.0000	80.7565
2167.0000	80.8516
2166.0000	81.2463
2165.0000	81.4939
2164.0000	81.8079
2163.0000	82.0872
2162.0000	82.2399
2161.0000	82.9003
2160.0000	83.4344
2159.0000	83.6762
2158.0000	83.5756
2157.0000	83.5776
2156.0000	83.8615
2155.0000	84.5515
2154.0000	84.7202
2153.0000	85.2047
2152.0000	85.1813
2151.0000	85.3092
2150.0000	85.3523
2149.0000	85.6627
2148.0000	85.9373
2147.0000	86.3153
2146.0000	86.2369
2145.0000	86.3031
2144.0000	86.495
2143.0000	86.8937
2142.0000	87.1679
2141.0000	87.2884
2140.0000	87.4598
2139.0000	87.7097
2138.0000	87.9932
2137.0000	88.0359
2136.0000	88.103
2135.0000	88.1748
2134.0000	88.2308
2133.0000	88.305
2132.0000	88.2944
2131.0000	88.4726
2130.0000	88.5858
2129.0000	88.7497
2128.0000	88.8468
2127.0000	89.0364
2126.0000	89.3093
2125.0000	89.2663
2124.0000	89.0978
2123.0000	89.1884
2122.0000	89.259
2121.0000	89.0392
2120.0000	88.9041
2119.0000	88.3327
2118.0000	88.5363
2117.0000	88.7441
2116.0000	88.852
2115.0000	88.9295
2114.0000	88.5557
2113.0000	88.1367
2112.0000	88.0145
2111.0000	88.0463
2110.0000	88.0065
2109.0000	87.6506
2108.0000	87.5991
2107.0000	87.3993
2106.0000	87.2463
2105.0000	87.133
2104.0000	86.7735
2103.0000	86.589
2102.0000	86.4246
2101.0000	86.1163
2100.0000	86.004
2099.0000	85.5992
2098.0000	85.3224
2097.0000	85.1902
2096.0000	84.9126
2095.0000	84.6473
2094.0000	84.4538
2093.0000	84.0732
2092.0000	83.9632
2091.0000	83.8085
2090.0000	83.43
2089.0000	82.8226
2088.0000	82.4865
2087.0000	82.2213
2086.0000	82.3334
2085.0000	81.8425
2084.0000	81.4435
2083.0000	81.305
2082.0000	80.8599
2081.0000	80.6719
2080.0000	80.5861
2079.0000	80.2581
2078.0000	80.2631
2077.0000	79.8178
2076.0000	79.4888
2075.0000	79.1741
2074.0000	78.9084
2073.0000	78.7155
2072.0000	78.2797
2071.0000	77.8761
2070.0000	77.7449
2069.0000	77.9179
2068.0000	77.6096
2067.0000	77.1991
2066.0000	76.9139
2065.0000	76.839
2064.0000	76.9096
2063.0000	76.6069
2062.0000	76.2753
2061.0000	76.2472
2060.0000	76.0313
2059.0000	75.8367
2058.0000	75.6768
2057.0000	75.514
2056.0000	75.3209
2055.0000	75.0991
2054.0000	74.961
2053.0000	74.6835
2052.0000	74.9267
2051.0000	74.8965
2050.0000	74.8877
2049.0000	74.7632
2048.0000	74.6377
2047.0000	74.8138
2046.0000	74.501
2045.0000	74.2938
2044.0000	74.295
2043.0000	74.371
2042.0000	74.765
2041.0000	74.5854
2040.0000	74.4691
2039.0000	74.4495
2038.0000	74.6117
2037.0000	74.3475
2036.0000	74.7257
2035.0000	74.5191
2034.0000	74.8295
2033.0000	74.7667
2032.0000	74.8609
2031.0000	74.9116
2030.0000	74.8917
2029.0000	75.0681
2028.0000	75.552
2027.0000	75.736
2026.0000	75.8411
2025.0000	75.8169
2024.0000	75.8422
2023.0000	75.731
2022.0000	75.9317
2021.0000	76.0841
2020.0000	76.5492
2019.0000	76.6069
2018.0000	77.0954
2017.0000	77.3243
2016.0000	77.3469
2015.0000	77.691
2014.0000	77.9228
2013.0000	78.0614
2012.0000	78.3775
2011.0000	78.8032
2010.0000	79.1875
2009.0000	79.5646
2008.0000	79.7608
2007.0000	80.0559
2006.0000	80.3783
2005.0000	80.5586
2004.0000	80.99
2003.0000	81.0026
2002.0000	81.3539
2001.0000	81.1534
2000.0000	81.433
1999.0000	81.7129
1998.0000	82.2578
1997.0000	82.749
1996.0000	82.9817
1995.0000	83.1874
1994.0000	83.6915
1993.0000	83.9516
1992.0000	83.9857
1991.0000	84.4583
1990.0000	84.6995
1989.0000	85.3739
1988.0000	85.2828
1987.0000	85.6611
1986.0000	85.8848
1985.0000	85.9906
1984.0000	86.0716
1983.0000	86.3221
1982.0000	86.3249
1981.0000	86.8672
1980.0000	86.7773
1979.0000	87.2234
1978.0000	87.2978
1977.0000	87.5376
1976.0000	87.7256
1975.0000	87.6431
1974.0000	88.1245
1973.0000	88.3304
1972.0000	88.5876
1971.0000	88.6901
1970.0000	88.4689
1969.0000	88.5764
1968.0000	88.8428
1967.0000	88.6089
1966.0000	88.9242
1965.0000	88.5511
1964.0000	88.6465
1963.0000	88.4646
1962.0000	88.467
1961.0000	88.5029
1960.0000	88.4116
1959.0000	88.2939
1958.0000	87.9049
1957.0000	87.8224
1956.0000	87.8831
1955.0000	87.89
1954.0000	87.5696
1953.0000	87.3507
1952.0000	87.1945
1951.0000	87.292
1950.0000	86.9811
1949.0000	86.6317
1948.0000	86.3582
1947.0000	86.3171
1946.0000	86.0878
1945.0000	85.5398
1944.0000	85.3374
1943.0000	85.1179
1942.0000	84.9272
1941.0000	84.5328
1940.0000	84.0814
1939.0000	83.6828
1938.0000	83.3107
1937.0000	83.1577
1936.0000	82.7967
1935.0000	82.4936
1934.0000	82.3614
1933.0000	82.1315
1932.0000	82.1181
1931.0000	81.6504
1930.0000	81.3271
1929.0000	80.6761
1928.0000	80.1486
1927.0000	79.9834
1926.0000	79.8709
1925.0000	79.9508
1924.0000	79.7075
1923.0000	79.3469
1922.0000	79.051
1921.0000	78.4423
1920.0000	78.0954
1919.0000	77.9432
1918.0000	77.9612
1917.0000	78.2244
1916.0000	77.9894
1915.0000	78.038
1914.0000	77.9062
1913.0000	77.5667
1912.0000	77.3023
1911.0000	76.9571
1910.0000	76.6175
1909.0000	76.3449
1908.0000	75.9665
1907.0000	75.1848
1906.0000	74.494
1905.0000	73.8188
1904.0000	73.4641
1903.0000	74.032
1902.0000	74.2058
1901.0000	75.1541
1900.0000	75.6313
1899.0000	75.3498
1898.0000	75.2035
1897.0000	74.6552
1896.0000	74.6256
1895.0000	74.7361
1894.0000	74.9616
1893.0000	75.2892
1892.0000	75.3339
1891.0000	75.457
1890.0000	75.457
1889.0000	75.1395
1888.0000	74.9443
1887.0000	74.806
1886.0000	75.0028
1885.0000	74.9317
1884.0000	75.2761
1883.0000	75.3034
1882.0000	76.0666
1881.0000	75.9937
1880.0000	76.0053
1879.0000	75.8413
1878.0000	75.921
1877.0000	76.5163
1876.0000	76.2782
1875.0000	76.5214
1874.0000	76.5165
1873.0000	77.2472
1872.0000	77.7102
1871.0000	78.0022
1870.0000	78.4763
1869.0000	78.7795
1868.0000	79.2218
1867.0000	79.5055
1866.0000	80.0801
1865.0000	80.3197
1864.0000	80.7582
1863.0000	81.0059
1862.0000	81.3914
1861.0000	81.8113
1860.0000	81.9874
1859.0000	82.187
1858.0000	82.1716
1857.0000	82.8651
1856.0000	83.28
1855.0000	83.9542
1854.0000	84.2927
1853.0000	84.1007
1852.0000	84.1063
1851.0000	84.2217
1850.0000	85.1391
1849.0000	85.7726
1848.0000	86.1674
1847.0000	86.2533
1846.0000	86.5431
1845.0000	86.8279
1844.0000	87.1778
1843.0000	87.5738
1842.0000	87.8396
1841.0000	88.2904
1840.0000	88.7606
1839.0000	89.2472
1838.0000	89.0066
1837.0000	88.6081
1836.0000	88.4949
1835.0000	88.6399
1834.0000	88.4877
1833.0000	88.6808
1832.0000	88.8429
1831.0000	88.9238
1830.0000	88.7875
1829.0000	88.2093
1828.0000	88.0261
1827.0000	87.9461
1826.0000	88.0386
1825.0000	88.104
1824.0000	88.2393
1823.0000	88.1675
1822.0000	88.3407
1821.0000	88.4005
1820.0000	88.2226
1819.0000	87.7636
1818.0000	87.4203
1817.0000	86.9613
1816.0000	86.7302
1815.0000	86.1713
1814.0000	86.0689
1813.0000	85.7279
1812.0000	85.6331
1811.0000	85.5815
1810.0000	85.4132
1809.0000	85.0033
1808.0000	84.5068
1807.0000	83.8706
1806.0000	83.5213
1805.0000	83.0995
1804.0000	82.8561
1803.0000	82.365
1802.0000	81.9333
1801.0000	81.7448
1800.0000	81.4537
1799.0000	81.1414
1798.0000	80.6261
1797.0000	80.3068
1796.0000	79.9794
1795.0000	79.6553
1794.0000	79.256
1793.0000	78.8803
1792.0000	78.591
1791.0000	78.3802
1790.0000	78.042
1789.0000	77.7037
1788.0000	77.3308
1787.0000	77.0193
1786.0000	76.8011
1785.0000	76.6602
1784.0000	76.6105
1783.0000	76.3175
1782.0000	75.9344
1781.0000	75.6442
1780.0000	75.4841
1779.0000	75.4337
1778.0000	75.1031
1777.0000	75.0168
1776.0000	75.0056
1775.0000	74.9481
1774.0000	74.7757
1773.0000	74.4796
1772.0000	74.3494
1771.0000	74.344
1770.0000	74.5712
1769.0000	74.4058
1768.0000	74.3563
1767.0000	74.466
1766.0000	74.5303
1765.0000	74.6537
1764.0000	74.7602
1763.0000	74.7899
1762.0000	74.9799
1761.0000	74.8697
1760.0000	74.9224
1759.0000	75.1812
1758.0000	75.213
1757.0000	75.4318
1756.0000	75.7347
1755.0000	76.0028
1754.0000	76.1674
1753.0000	76.2473
1752.0000	76.5839
1751.0000	76.9956
1750.0000	77.3796
1749.0000	77.5462
1748.0000	78.0214
1747.0000	78.3818
1746.0000	78.7315
1745.0000	78.9178
1744.0000	79.2744
1743.0000	79.6098
1742.0000	80.1632
1741.0000	80.5165
1740.0000	80.9095
1739.0000	81.2637
1738.0000	81.6278
1737.0000	82.0214
1736.0000	82.3737
1735.0000	82.8602
1734.0000	83.4175
1733.0000	83.6796
1732.0000	84.1585
1731.0000	84.3628
1730.0000	85.0383
1729.0000	85.4914
1728.0000	85.7779
1727.0000	86.2053
1726.0000	86.389
1725.0000	86.6298
1724.0000	86.9042
1723.0000	87.347
1722.0000	87.8357
1721.0000	88.1789
1720.0000	88.1391
1719.0000	88.2541
1718.0000	88.4493
1717.0000	88.8126
1716.0000	88.9049
1715.0000	88.9997
1714.0000	88.947
1713.0000	89.1684
1712.0000	89.2861
1711.0000	89.2408
1710.0000	89.1905
1709.0000	89.1307
1708.0000	89.0458
1707.0000	88.9862
1706.0000	89.0232
1705.0000	88.8511
1704.0000	88.6339
1703.0000	88.3379
1702.0000	88.1805
1701.0000	87.8752
1700.0000	87.7731
1699.0000	87.2721
1698.0000	87.0486
1697.0000	86.4246
1696.0000	85.8921
1695.0000	85.6077
1694.0000	85.3266
1693.0000	84.984
1692.0000	84.5054
1691.0000	84.1421
1690.0000	83.8253
1689.0000	83.4906
1688.0000	82.9994
1687.0000	82.6254
1686.0000	82.3967
1685.0000	82.043
1684.0000	81.4846
1683.0000	81.0175
1682.0000	80.545
1681.0000	80.1134
1680.0000	79.773
1679.0000	79.3814
1678.0000	78.9863
1677.0000	78.6973
1676.0000	78.3296
1675.0000	77.9418
1674.0000	77.6633
1673.0000	77.1677
1672.0000	76.9609
1671.0000	76.8263
1670.0000	76.716
1669.0000	76.4126
1668.0000	76.1461
1667.0000	75.9392
1666.0000	75.4888
1665.0000	75.2498
1664.0000	75.0965
1663.0000	75.069
1662.0000	74.9632
1661.0000	74.9586
1660.0000	74.9475
1659.0000	75.0388
1658.0000	75.0457
1657.0000	75.0712
1656.0000	75.1493
1655.0000	75.1094
1654.0000	74.9802
1653.0000	74.8363
1652.0000	74.9217
1651.0000	74.9865
1650.0000	75.157
1649.0000	75.2346
1648.0000	75.5584
1647.0000	75.6681
1646.0000	76.0012
1645.0000	76.2892
1644.0000	76.5354
1643.0000	76.6931
1642.0000	76.9675
1641.0000	77.3308
1640.0000	77.7372
1639.0000	78.0202
1638.0000	78.3892
1637.0000	78.8287
1636.0000	79.2418
1635.0000	79.7696
1634.0000	80.2552
1633.0000	80.6363
1632.0000	81.1151
1631.0000	81.5108
1630.0000	82.0143
1629.0000	82.5033
1628.0000	82.9273
1627.0000	83.3043
1626.0000	83.6263
1625.0000	84.2591
1624.0000	84.7106
1623.0000	84.9927
1622.0000	85.4066
1621.0000	85.6156
1620.0000	86.0009
1619.0000	86.3767
1618.0000	86.6662
1617.0000	87.1197
1616.0000	87.5122
1615.0000	87.7071
1614.0000	88.0006
1613.0000	88.0938
1612.0000	88.3287
1611.0000	88.5426
1610.0000	88.7278
1609.0000	88.6984
1608.0000	88.7856
1607.0000	88.661
1606.0000	88.7338
1605.0000	88.688
1604.0000	88.6447
1603.0000	88.4744
1602.0000	88.2537
1601.0000	88.0769
1600.0000	88.0638
1599.0000	88.4092
1598.0000	88.8427
1597.0000	89.0545
1596.0000	88.692
1595.0000	87.8394
1594.0000	86.7829
1593.0000	85.9168
1592.0000	85.2349
1591.0000	84.685
1590.0000	84.222
1589.0000	83.8533
1588.0000	83.3574
1587.0000	82.8932
1586.0000	82.3907
1585.0000	81.9665
1584.0000	81.5224
1583.0000	80.9614
1582.0000	80.5223
1581.0000	79.9496
1580.0000	79.5941
1579.0000	79.4025
1578.0000	78.7211
1577.0000	78.3821
1576.0000	77.8646
1575.0000	77.5833
1574.0000	77.2861
1573.0000	76.8577
1572.0000	76.5428
1571.0000	76.2476
1570.0000	76.0023
1569.0000	75.7549
1568.0000	75.4776
1567.0000	75.3424
1566.0000	75.1073
1565.0000	75.0438
1564.0000	74.8494
1563.0000	74.6811
1562.0000	74.4974
1561.0000	74.3959
1560.0000	74.3997
1559.0000	74.5049
1558.0000	74.5429
1557.0000	74.7843
1556.0000	74.7888
1555.0000	74.9447
1554.0000	75.0778
1553.0000	75.2354
1552.0000	75.2766
1551.0000	75.4875
1550.0000	75.7822
1549.0000	76.2408
1548.0000	76.5181
1547.0000	76.8277
1546.0000	77.3241
1545.0000	77.6231
1544.0000	77.9636
1543.0000	78.1999
1542.0000	78.6548
1541.0000	79.151
1540.0000	79.7034
1539.0000	80.2015
1538.0000	80.6832
1537.0000	81.2525
1536.0000	81.7953
1535.0000	82.1646
1534.0000	82.6411
1533.0000	83.1862
1532.0000	83.7747
1531.0000	84.3416
1530.0000	84.8783
1529.0000	85.2551
1528.0000	85.6539
1527.0000	86.0196
1526.0000	86.551
1525.0000	86.8955
1524.0000	87.1571
1523.0000	87.4066
1522.0000	87.8884
1521.0000	88.2297
1520.0000	88.4461
1519.0000	88.6833
1518.0000	88.7232
1517.0000	88.7651
1516.0000	88.8591
1515.0000	88.98
1514.0000	88.9204
1513.0000	88.7752
1512.0000	88.7383
1511.0000	88.531
1510.0000	88.3969
1509.0000	88.0461
1508.0000	87.9302
1507.0000	87.6325
1506.0000	87.2413
1505.0000	86.8432
1504.0000	86.4615
1503.0000	85.9357
1502.0000	85.551
1501.0000	84.9404
1500.0000	84.5422
1499.0000	84.1049
1498.0000	83.736
1497.0000	83.1091
1496.0000	82.4369
1495.0000	81.7305
1494.0000	81.2381
1493.0000	80.8239
1492.0000	80.4323
1491.0000	79.8928
1490.0000	79.273
1489.0000	78.7798
1488.0000	78.3054
1487.0000	77.8933
1486.0000	77.2731
1485.0000	76.9813
1484.0000	76.4967
1483.0000	76.2426
1482.0000	75.847
1481.0000	75.5863
1480.0000	75.2937
1479.0000	75.0781
1478.0000	74.8158
1477.0000	74.6303
1476.0000	74.4961
1475.0000	74.3634
1474.0000	74.2543
1473.0000	74.2615
1472.0000	74.2858
1471.0000	74.2315
1470.0000	74.2667
1469.0000	74.3781
1468.0000	74.5362
1467.0000	74.7654
1466.0000	74.9156
1465.0000	75.2962
1464.0000	75.5622
1463.0000	75.9292
1462.0000	76.2262
1461.0000	76.599
1460.0000	76.9621
1459.0000	77.3341
1458.0000	77.8141
1457.0000	78.4073
1456.0000	79.0455
1455.0000	79.5288
1454.0000	79.9441
1453.0000	80.4828
1452.0000	81.0989
1451.0000	81.7257
1450.0000	82.2732
1449.0000	82.6943
1448.0000	83.1794
1447.0000	83.6947
1446.0000	84.2627
1445.0000	84.8034
1444.0000	85.2986
1443.0000	85.8819
1442.0000	86.3532
1441.0000	86.8128
1440.0000	87.2754
1439.0000	87.5973
1438.0000	87.9518
1437.0000	88.2427
1436.0000	88.4781
1435.0000	88.622
1434.0000	88.607
1433.0000	88.7347
1432.0000	88.7666
1431.0000	88.6877
1430.0000	88.4657
1429.0000	88.3288
1428.0000	88.0654
1427.0000	87.7743
1426.0000	87.4446
1425.0000	87.1083
1424.0000	86.6889
1423.0000	86.1991
1422.0000	85.6888
1421.0000	85.2743
1420.0000	84.708
1419.0000	84.2269
1418.0000	83.6841
1417.0000	83.1555
1416.0000	82.5527
1415.0000	81.9395
1414.0000	81.391
1413.0000	80.6809
1412.0000	80.0784
1411.0000	79.4516
1410.0000	78.9054
1409.0000	78.4279
1408.0000	77.8694
1407.0000	77.5032
1406.0000	77.0686
1405.0000	76.6817
1404.0000	76.1645
1403.0000	75.7869
1402.0000	75.293
1401.0000	75.0899
1400.0000	74.9203
1399.0000	75.0073
1398.0000	74.9719
1397.0000	75.0767
1396.0000	75.1281
1395.0000	75.1662
1394.0000	75.1522
1393.0000	74.984
1392.0000	74.8445
1391.0000	74.8746
1390.0000	75.0306
1389.0000	75.2961
1388.0000	75.679
1387.0000	76.0971
1386.0000	76.5074
1385.0000	76.772
1384.0000	77.091
1383.0000	77.5724
1382.0000	78.0854
1381.0000	78.7874
1380.0000	79.4443
1379.0000	79.9849
1378.0000	80.624
1377.0000	81.094
1376.0000	81.7655
1375.0000	82.4792
1374.0000	83.3308
1373.0000	84.0757
1372.0000	84.761
1371.0000	85.3507
1370.0000	85.6942
1369.0000	86.1207
1368.0000	86.3224
1367.0000	86.651
1366.0000	87
1365.0000	87.4045
1364.0000	87.7414
1363.0000	87.9608
1362.0000	88.0875
1361.0000	88.2146
1360.0000	88.1895
1359.0000	88.3146
1358.0000	88.3002
1357.0000	88.1016
1356.0000	88.0001
1355.0000	87.6749
1354.0000	87.2777
1353.0000	86.9439
1352.0000	86.5034
1351.0000	86.036
1350.0000	85.477
1349.0000	85.0313
1348.0000	84.4821
1347.0000	83.9736
1346.0000	83.2845
1345.0000	82.5985
1344.0000	81.8597
1343.0000	81.2742
1342.0000	80.6441
1341.0000	80.0593
1340.0000	79.3284
1339.0000	78.6792
1338.0000	78.0393
1337.0000	77.5077
1336.0000	77.0159
1335.0000	76.5648
1334.0000	76.1598
1333.0000	75.7304
1332.0000	75.3404
1331.0000	74.9796
1330.0000	74.7849
1329.0000	74.626
1328.0000	74.4951
1327.0000	74.4152
1326.0000	74.3014
1325.0000	74.2687
1324.0000	74.3074
1323.0000	74.5089
1322.0000	74.5962
1321.0000	74.8492
1320.0000	75.1413
1319.0000	75.4681
1318.0000	75.8451
1317.0000	76.3145
1316.0000	76.8461
1315.0000	77.3232
1314.0000	77.9069
1313.0000	78.4347
1312.0000	79.0257
1311.0000	79.7418
1310.0000	80.3144
1309.0000	81.1599
1308.0000	81.7553
1307.0000	82.4496
1306.0000	83.1408
1305.0000	83.7827
1304.0000	84.5269
1303.0000	85.2055
1302.0000	85.7962
1301.0000	86.4334
1300.0000	86.9096
1299.0000	87.4177
1298.0000	87.722
1297.0000	87.9907
1296.0000	88.2803
1295.0000	88.514
1294.0000	88.7135
1293.0000	88.7832
1292.0000	88.7325
1291.0000	88.5077
1290.0000	88.2632
1289.0000	87.9329
1288.0000	87.6195
1287.0000	87.0737
1286.0000	86.6295
1285.0000	86.0676
1284.0000	85.5454
1283.0000	84.9422
1282.0000	84.2212
1281.0000	83.5165
1280.0000	82.7225
1279.0000	81.9771
1278.0000	81.3219
1277.0000	80.5516
1276.0000	79.9254
1275.0000	79.1394
1274.0000	78.517
1273.0000	77.8581
1272.0000	77.3046
1271.0000	76.752
1270.0000	76.2344
1269.0000	75.8386
1268.0000	75.4501
1267.0000	75.0604
1266.0000	74.8473
1265.0000	74.5909
1264.0000	74.4225
1263.0000	74.295
1262.0000	74.3613
1261.0000	74.4613
1260.0000	74.5667
1259.0000	74.6631
1258.0000	74.8483
1257.0000	75.2404
1256.0000	75.629
1255.0000	76.0782
1254.0000	76.5109
1253.0000	77.0117
1252.0000	77.6283
1251.0000	78.2602
1250.0000	78.926
1249.0000	79.6531
1248.0000	80.3915
1247.0000	81.2223
1246.0000	82.0819
1245.0000	82.8524
1244.0000	83.6235
1243.0000	84.2492
1242.0000	84.9384
1241.0000	85.5974
1240.0000	86.1997
1239.0000	86.8367
1238.0000	87.3133
1237.0000	87.6526
1236.0000	87.9465
1235.0000	88.1905
1234.0000	88.4093
1233.0000	88.4735
1232.0000	88.4576
1231.0000	88.2367
1230.0000	88.0658
1229.0000	87.7345
1228.0000	87.247
1227.0000	86.7316
1226.0000	86.0814
1225.0000	85.4456
1224.0000	84.7513
1223.0000	84.0212
1222.0000	83.293
1221.0000	82.5224
1220.0000	81.7238
1219.0000	80.91
1218.0000	80.0708
1217.0000	79.4102
1216.0000	78.6711
1215.0000	78.0072
1214.0000	77.2603
1213.0000	76.6116
1212.0000	76.1228
1211.0000	75.6327
1210.0000	75.2546
1209.0000	74.9272
1208.0000	74.7477
1207.0000	74.6808
1206.0000	74.5625
1205.0000	74.5008
1204.0000	74.5292
1203.0000	74.714
1202.0000	74.9286
1201.0000	75.1885
1200.0000	75.6062
1199.0000	76.1699
1198.0000	76.709
1197.0000	77.4011
1196.0000	77.8699
1195.0000	78.5874
1194.0000	79.2732
1193.0000	80.104
1192.0000	80.8804
1191.0000	81.6134
1190.0000	82.5006
1189.0000	83.2729
1188.0000	84.0578
1187.0000	84.869
1186.0000	85.5971
1185.0000	86.2091
1184.0000	86.7726
1183.0000	87.2673
1182.0000	87.7334
1181.0000	87.9734
1180.0000	88.2237
1179.0000	88.3081
1178.0000	88.2936
1177.0000	88.07
1176.0000	87.7923
1175.0000	87.4648
1174.0000	87.0716
1173.0000	86.4813
1172.0000	85.8356
1171.0000	85.1314
1170.0000	84.2504
1169.0000	83.4573
1168.0000	82.5838
1167.0000	81.7871
1166.0000	80.9178
1165.0000	80.0599
1164.0000	79.168
1163.0000	78.3453
1162.0000	77.5794
1161.0000	76.8748
1160.0000	76.2528
1159.0000	75.6718
1158.0000	75.2096
1157.0000	74.7966
1156.0000	74.489
1155.0000	74.3287
1154.0000	74.218
1153.0000	74.273
1152.0000	74.385
1151.0000	74.6245
1150.0000	74.8215
1149.0000	75.169
1148.0000	75.5608
1147.0000	76.106
1146.0000	76.7215
1145.0000	77.4622
1144.0000	78.2139
1143.0000	78.9417
1142.0000	79.7923
1141.0000	80.6745
1140.0000	81.6602
1139.0000	82.4956
1138.0000	83.4329
1137.0000	84.2697
1136.0000	85.1782
1135.0000	85.8947
1134.0000	86.5459
1133.0000	87.0828
1132.0000	87.6017
1131.0000	88.0284
1130.0000	88.2491
1129.0000	88.3107
1128.0000	88.1591
1127.0000	87.9612
1126.0000	87.5556
1125.0000	87.1801
1124.0000	86.6761
1123.0000	86.0418
1122.0000	85.2482
1121.0000	84.2832
1120.0000	83.334
1119.0000	82.4893
1118.0000	81.5763
1117.0000	80.6558
1116.0000	79.65
1115.0000	78.7286
1114.0000	77.908
1113.0000	77.2151
1112.0000	76.4415
1111.0000	75.8523
1110.0000	75.3106
1109.0000	74.9038
1108.0000	74.5229
1107.0000	74.3406
1106.0000	74.2341
1105.0000	74.295
1104.0000	74.4109
1103.0000	74.6576
1102.0000	74.9212
1101.0000	75.3889
1100.0000	76.0036
1099.0000	76.6798
1098.0000	77.3841
1097.0000	78.176
1096.0000	79.0727
1095.0000	80.0264
1094.0000	80.9385
1093.0000	81.8537
1092.0000	82.8496
1091.0000	83.82
1090.0000	84.7832
1089.0000	85.6627
1088.0000	86.3688
1087.0000	86.9178
1086.0000	87.3926
1085.0000	87.7937
1084.0000	87.9896
1083.0000	88.1252
1082.0000	87.9727
1081.0000	87.6539
1080.0000	87.1836
1079.0000	86.6066
1078.0000	85.9285
1077.0000	85.143
1076.0000	84.2383
1075.0000	83.3008
1074.0000	82.3294
1073.0000	81.3365
1072.0000	80.3399
1071.0000	79.3911
1070.0000	78.5082
1069.0000	77.5609
1068.0000	76.8138
1067.0000	76.0696
1066.0000	75.4246
1065.0000	74.9224
1064.0000	74.529
1063.0000	74.3011
1062.0000	74.2142
1061.0000	74.1408
1060.0000	74.3805
1059.0000	74.6613
1058.0000	75.1865
1057.0000	75.6365
1056.0000	76.2926
1055.0000	76.9346
1054.0000	77.9238
1053.0000	78.8951
1052.0000	79.8612
1051.0000	80.9194
1050.0000	81.9873
1049.0000	83.1072
1048.0000	84.0905
1047.0000	84.9492
1046.0000	85.8395
1045.0000	86.6211
1044.0000	87.207
1043.0000	87.6307
1042.0000	87.9271
1041.0000	88.075
1040.0000	88.0046
1039.0000	87.6851
1038.0000	87.1505
1037.0000	86.4974
1036.0000	85.605
1035.0000	84.6753
1034.0000	83.6344
1033.0000	82.5079
1032.0000	81.4801
1031.0000	80.3035
1030.0000	79.2222
1029.0000	78.2473
1028.0000	77.324
1027.0000	76.5965
1026.0000	75.9736
1025.0000	75.2892
1024.0000	74.7352
1023.0000	74.273
1022.0000	74.0643
1021.0000	74.0413
1020.0000	74.209
1019.0000	74.4745
1018.0000	74.9404
1017.0000	75.5483
1016.0000	76.3991
1015.0000	77.1699
1014.0000	78.1587
1013.0000	79.096
1012.0000	80.1915
1011.0000	81.2682
1010.0000	82.4332
1009.0000	83.5684
1008.0000	84.6812
1007.0000	85.6747
1006.0000	86.456
1005.0000	87.0644
1004.0000	87.5589
1003.0000	87.6876
1002.0000	87.8083
1001.0000	87.6237
1000.0000	87.2707
999.0000	86.5532
998.0000	85.7408
997.0000	84.7948
996.0000	83.7435
995.0000	82.465
994.0000	81.3604
993.0000	80.2213
992.0000	79.1257
991.0000	78.0679
990.0000	77.0858
989.0000	76.206
988.0000	75.3569
987.0000	74.7941
986.0000	74.4849
985.0000	74.2239
984.0000	74.1426
983.0000	74.2113
982.0000	74.6282
981.0000	75.0079
980.0000	75.7149
979.0000	76.5818
978.0000	77.495
977.0000	78.5193
976.0000	79.6113
975.0000	80.8524
974.0000	82.1544
973.0000	83.3246
972.0000	84.5031
971.0000	85.418
970.0000	86.2513
969.0000	86.9083
968.0000	87.2843
967.0000	87.5435
966.0000	87.5278
965.0000	87.2293
964.0000	86.6156
963.0000	85.8538
962.0000	84.9394
961.0000	83.8151
960.0000	82.6408
959.0000	81.413
958.0000	80.1446
957.0000	78.9039
956.0000	77.88
955.0000	76.7659
954.0000	75.8635
953.0000	74.9081
952.0000	74.4361
951.0000	74.1615
950.0000	74.0319
949.0000	74.1586
948.0000	74.4104
947.0000	74.8029
946.0000	75.5278
945.0000	76.2818
944.0000	77.2833
943.0000	78.2463
942.0000	79.583
941.0000	80.9591
940.0000	82.2579
939.0000	83.4904
938.0000	84.6546
937.0000	85.6406
936.0000	86.5882
935.0000	87.1257
934.0000	87.5043
933.0000	87.4535
932.0000	87.2309
931.0000	86.6859
930.0000	85.9714
929.0000	85.0031
928.0000	83.7923
927.0000	82.6129
926.0000	81.3885
925.0000	80.1749
924.0000	78.8543
923.0000	77.5026
922.0000	76.2718
921.0000	75.2718
920.0000	74.5457
919.0000	74.0762
918.0000	73.8639
917.0000	73.8982
916.0000	74.1848
915.0000	74.8369
914.0000	75.582
913.0000	76.2787
912.0000	77.1817
911.0000	78.4419
910.0000	79.8895
909.0000	81.4081
908.0000	82.7869
907.0000	84.0088
906.0000	85.2404
905.0000	85.9913
904.0000	86.7959
903.0000	87.2141
902.0000	87.2057
901.0000	86.8827
900.0000	86.2428
899.0000	85.343
898.0000	84.3121
897.0000	83.3239
896.0000	82.1151
895.0000	80.8478
894.0000	79.2602
893.0000	77.9291
892.0000	76.7439
891.0000	75.6894
890.0000	74.9588
889.0000	74.3131
888.0000	73.9817
887.0000	73.9615
886.0000	74.41
885.0000	75.0447
884.0000	75.8434
883.0000	76.7142
882.0000	77.7438
881.0000	78.9146
880.0000	80.3002
879.0000	81.7936
878.0000	83.286
877.0000	84.6479
876.0000	85.5332
875.0000	86.3898
874.0000	86.7562
873.0000	86.8317
872.0000	86.5676
871.0000	85.7849
870.0000	85.0247
869.0000	84.106
868.0000	82.8889
867.0000	81.6939
866.0000	79.809
865.0000	78.51
864.0000	76.9284
863.0000	75.9303
862.0000	75
861.0000	74.3967
860.0000	73.8241
859.0000	73.8653
858.0000	74.1118
857.0000	74.7625
856.0000	75.6661
855.0000	76.9598
854.0000	78.1867
853.0000	79.6928
852.0000	81.0273
851.0000	82.6917
850.0000	85.7076
849.0000	87.4048
848.0000	88.8791
847.0000	90.0608
846.0000	90.899
845.0000	91.3343
844.0000	91.257
843.0000	90.7682
842.0000	89.8296
841.0000	88.5749
840.0000	87.0249
839.0000	85.2826
838.0000	83.5126
837.0000	81.8046
836.0000	80.2449
835.0000	78.9277
834.0000	77.9219
833.0000	77.2736
832.0000	76.9718
831.0000	77.1231
830.0000	77.5931
829.0000	78.4525
828.0000	79.5984
827.0000	81.056
826.0000	82.7304
825.0000	84.5163
824.0000	86.3043
823.0000	87.9639
822.0000	89.3751
821.0000	90.4791
820.0000	91.1215
819.0000	91.2528
818.0000	90.8268
817.0000	89.8965
816.0000	88.5867
815.0000	86.9628
814.0000	85.164
813.0000	83.3263
812.0000	81.5882
811.0000	80.0383
810.0000	78.7205
809.0000	77.7589
808.0000	77.1548
807.0000	77.0067
806.0000	77.2932
805.0000	78.0314
804.0000	79.1476
803.0000	80.5862
802.0000	82.2865
801.0000	84.1634
800.0000	86.0752
799.0000	87.8724
798.0000	89.417
797.0000	90.5087
796.0000	91.0407
795.0000	91.0222
794.0000	90.4118
793.0000	89.2802
792.0000	87.7291
791.0000	85.8825
790.0000	83.9206
789.0000	81.9957
788.0000	80.2463
787.0000	78.7843
786.0000	77.7057
785.0000	77.0529
784.0000	76.8975
783.0000	77.258
782.0000	78.0809
781.0000	79.319
780.0000	80.903
779.0000	82.7863
778.0000	84.7922
777.0000	86.7785
776.0000	88.5381
775.0000	89.9047
774.0000	90.7469
773.0000	90.9732
772.0000	90.5585
771.0000	89.5415
770.0000	88.0101
769.0000	86.1365
768.0000	84.0792
767.0000	82.04
766.0000	80.2303
765.0000	78.7153
764.0000	77.6679
763.0000	77.0711
762.0000	77.0304
761.0000	77.5213
760.0000	78.5657
759.0000	80.0638
758.0000	81.8942
757.0000	83.9649
756.0000	86.0613
755.0000	88.0375
754.0000	89.5797
753.0000	90.5459
752.0000	90.8143
751.0000	90.3698
750.0000	89.2605
749.0000	87.6046
748.0000	85.5771
747.0000	83.3916
746.0000	81.2907
745.0000	79.4532
744.0000	78.0388
743.0000	77.1587
742.0000	76.8995
741.0000	77.269
740.0000	78.1517
739.0000	79.6376
738.0000	81.5394
737.0000	83.7147
736.0000	85.9195
735.0000	87.935
734.0000	89.4997
733.0000	90.4421
732.0000	90.612
731.0000	89.9944
730.0000	88.6525
729.0000	86.7915
728.0000	84.6104
727.0000	82.3707
726.0000	80.2889
725.0000	78.5882
724.0000	77.4316
723.0000	76.9209
722.0000	77.0709
721.0000	77.9091
720.0000	79.357
719.0000	81.2611
718.0000	83.4704
717.0000	85.7525
716.0000	87.8421
715.0000	89.4611
714.0000	90.3626
713.0000	90.3983
712.0000	89.5341
711.0000	87.8992
710.0000	85.7486
709.0000	83.4158
708.0000	81.1446
707.0000	79.1981
706.0000	77.7597
705.0000	76.9862
704.0000	76.9402
703.0000	77.6593
702.0000	79.068
701.0000	81.0522
700.0000	83.3983
699.0000	85.8193
698.0000	87.9625
697.0000	89.5361
696.0000	90.2452
695.0000	90.0065
694.0000	88.84
693.0000	86.9385
692.0000	84.5981
691.0000	82.133
690.0000	79.9211
689.0000	78.2405
688.0000	77.3006
687.0000	77.1593
686.0000	77.8399
685.0000	79.2617
684.0000	81.3119
683.0000	83.7517
682.0000	86.2233
681.0000	88.3267
680.0000	89.7136
679.0000	90.1752
678.0000	89.6394
677.0000	88.1563
676.0000	85.9636
675.0000	83.4197
674.0000	80.9371
673.0000	78.8774
672.0000	77.4817
671.0000	76.9367
670.0000	77.2974
669.0000	78.5087
668.0000	80.4662
667.0000	82.9195
666.0000	85.5386
665.0000	87.8474
664.0000	89.4301
663.0000	89.97
662.0000	89.3395
661.0000	87.6878
660.0000	85.2988
659.0000	82.6433
658.0000	80.1559
657.0000	78.2281
656.0000	77.1148
655.0000	76.9836
654.0000	77.8715
653.0000	79.6769
652.0000	82.1408
651.0000	84.8562
650.0000	87.3371
649.0000	89.1022
648.0000	89.7789
647.0000	89.215
646.0000	87.5109
645.0000	85.055
644.0000	82.2998
643.0000	79.7771
642.0000	77.8974
641.0000	76.9858
640.0000	77.1717
639.0000	78.4486
638.0000	80.6351
637.0000	83.3413
636.0000	86.0917
635.0000	88.3011
634.0000	89.502
633.0000	89.3734
632.0000	87.9679
631.0000	85.5999
630.0000	82.7894
629.0000	80.1195
628.0000	78.084
627.0000	77.0454
626.0000	77.1772
625.0000	78.4762
624.0000	80.7363
623.0000	83.5366
622.0000	86.3217
621.0000	88.4354
620.0000	89.3765
619.0000	88.8743
618.0000	87.0609
617.0000	84.3951
616.0000	81.5058
615.0000	78.9968
614.0000	77.3797
613.0000	76.9896
612.0000	77.9231
611.0000	80.0127
610.0000	82.8434
609.0000	85.7792
608.0000	88.1013
607.0000	89.1884
606.0000	88.7317
605.0000	86.8509
604.0000	84.0519
603.0000	81.0573
602.0000	78.5793
601.0000	77.1773
600.0000	77.1994
599.0000	78.5847
598.0000	81.1017
597.0000	84.1614
596.0000	86.9661
595.0000	88.7077
594.0000	88.8506
593.0000	87.3392
592.0000	84.6361
591.0000	81.5359
590.0000	78.8607
589.0000	77.2717
588.0000	77.1326
587.0000	78.4972
586.0000	81.0765
585.0000	84.2069
584.0000	87.0004
583.0000	88.5908
582.0000	88.4675
581.0000	86.664
580.0000	83.7487
579.0000	80.6219
578.0000	78.1606
577.0000	77.0547
576.0000	77.5341
575.0000	79.5301
574.0000	82.498
573.0000	85.6261
572.0000	87.891
571.0000	88.5091
570.0000	87.2168
569.0000	84.4871
568.0000	81.2437
567.0000	78.5327
566.0000	77.1497
565.0000	77.4845
564.0000	79.4728
563.0000	82.5332
562.0000	85.698
561.0000	87.849
560.0000	88.1542
559.0000	86.5062
558.0000	83.5105
557.0000	80.2634
556.0000	77.8856
555.0000	77.1446
554.0000	78.3143
553.0000	81.022
552.0000	84.3529
551.0000	87.0723
550.0000	88.0435
549.0000	86.8791
548.0000	84.0414
547.0000	80.6953
546.0000	78.0683
545.0000	77.1237
544.0000	78.2006
543.0000	80.9289
542.0000	84.3312
541.0000	87.0003
540.0000	87.7945
539.0000	86.3102
538.0000	83.256
537.0000	79.9266
536.0000	77.6734
535.0000	77.3517
534.0000	79.0845
533.0000	82.2205
532.0000	85.4646
531.0000	87.3772
530.0000	87.0257
529.0000	84.5783
528.0000	81.1516
527.0000	78.2787
526.0000	77.1818
525.0000	78.3239
524.0000	81.2569
523.0000	84.6833
522.0000	86.9464
521.0000	86.8813
520.0000	84.349
519.0000	80.8975
518.0000	78.0589
517.0000	77.157
516.0000	78.5761
515.0000	81.7143
514.0000	85.0188
513.0000	86.7786
512.0000	86.0111
511.0000	83.127
510.0000	79.6712
509.0000	77.4817
508.0000	77.6812
507.0000	80.1814
506.0000	83.6691
505.0000	86.1799
504.0000	86.2173
503.0000	83.7579
502.0000	80.2384
501.0000	77.6901
500.0000	77.5335
499.0000	79.8579
498.0000	83.3408
497.0000	85.8871
496.0000	85.8643
495.0000	83.3024
494.0000	79.798
493.0000	77.5284
492.0000	77.8551
491.0000	80.5757
490.0000	83.9885
489.0000	85.8361
488.0000	84.8814
487.0000	81.7511
486.0000	78.5456
485.0000	77.3697
484.0000	78.9571
483.0000	82.2868
482.0000	85.0499
481.0000	85.2888
480.0000	82.789
479.0000	79.3622
478.0000	77.4255
477.0000	78.3233
476.0000	81.4054
475.0000	84.4367
474.0000	85.0909
473.0000	82.8757
472.0000	79.4714
471.0000	77.5281
470.0000	78.5086
469.0000	81.6369
468.0000	84.4164
467.0000	84.5506
466.0000	81.933
465.0000	78.7155
464.0000	77.5687
463.0000	79.4138
462.0000	82.6723
461.0000	84.4989
460.0000	83.2648
459.0000	80.0604
458.0000	77.7419
457.0000	78.3815
456.0000	81.3693
455.0000	83.8842
454.0000	83.5382
453.0000	80.6328
452.0000	78.0487
451.0000	78.2885
450.0000	81.0591
449.0000	83.5338
448.0000	83.1411
447.0000	80.2882
446.0000	77.893
445.0000	78.4011
444.0000	81.1925
443.0000	83.2291
442.0000	82.2746
441.0000	79.3658
440.0000	77.7273
439.0000	79.113
438.0000	81.8765
437.0000	82.8032
436.0000	80.7639
435.0000	78.1651
434.0000	78.0178
433.0000	80.3927
432.0000	82.3097
431.0000	81.3484
430.0000	78.6922
429.0000	77.6688
428.0000	79.4646
427.0000	81.668
426.0000	81.3165
425.0000	78.9271
424.0000	77.8344
423.0000	79.4905
422.0000	81.4028
421.0000	80.8008
420.0000	78.3413
419.0000	77.6399
418.0000	79.3706
417.0000	80.8028
416.0000	79.7236
415.0000	77.8198
414.0000	78.0006
413.0000	79.8331
412.0000	80.2686
411.0000	78.6248
410.0000	77.6331
409.0000	78.7905
408.0000	79.8153
407.0000	78.7726
406.0000	77.5111
405.0000	78.0653
404.0000	79.0466
403.0000	78.3229
402.0000	77.2363
401.0000	77.7127
400.0000	78.7597
399.0000	78.346
398.0000	77.5522
397.0000	77.7439
396.0000	77.9669
395.0000	77.2585
394.0000	76.8104
393.0000	77.1033
392.0000	77.0308
391.0000	76.5553
390.0000	76.3972
389.0000	76.3938
388.0000	76.1392
387.0000	75.8241
386.0000	75.6264
385.0000	75.5471
384.0000	75.2333
383.0000	74.7671
382.0000	74.7063
381.0000	74.2934
380.0000	73.6523
379.0000	73.5283
378.0000	72.8266
377.0000	72.1659
376.0000	71.5784
375.0000	70.2471
374.0000	68.942
373.0000	66.6165
372.0000	63.313
371.0000	58.3398
370.0000	50.6631
369.0000	41.3675
368.0000	30.3333
367.0000	19.2061
366.0000	9.97622
365.0000	4.01644
364.0000	1.15036
363.0000	0.226722
362.0000	0.0489369
361.0000	0.0285184
360.0000	0.0215131
359.0000	0.0185493
358.0000	0.0161224
357.0000	0.0156132
356.0000	0.0142676
355.0000	0.0131939
354.0000	0.0118277
353.0000	0.00967208
352.0000	0.00806507
351.0000	0.00753529
350.0000	0.00779293
