 51.000000   0.372632
 50.000000   0.374622
 49.000000   0.376965
 48.000000   0.379480
 47.000000   0.382279
 46.000000   0.385154
 45.000000   0.388448
 44.000000   0.391814
 43.000000   0.395315
 42.000000   0.399063
 41.000000   0.403144
 40.000000   0.407139
 39.000000   0.411488
 38.000000   0.416073
 37.000000   0.420814
 36.000000   0.425710
 35.000000   0.430915
 34.000000   0.436135
 33.000000   0.441869
 32.000000   0.447569
 31.000000   0.453571
 30.000000   0.459849
 29.000000   0.466422
 28.000000   0.473246
 27.000000   0.480228
 26.000000   0.487722
 25.000000   0.495327
 24.000000   0.503308
 23.000000   0.511478
 22.000000   0.520307
 21.000000   0.529398
 20.000000   0.538892
 19.000000   0.548715
 18.000000   0.559014
 17.000000   0.569844
 16.000000   0.581118
 15.000000   0.593023
 14.000000   0.605337
 13.000000   0.618332
 12.000000   0.632056
 11.000000   0.646395
 10.000000   0.661475
  9.000000   0.676970
  8.000000   0.694099
  7.000000   0.711622
  6.000000   0.730369
  5.000000   0.750130
  4.000000   0.771282
  3.000000   0.793589
  2.000000   0.817084
  1.000000   0.842373
