850.0000	70.7394
849.9000	70.6534
849.8000	70.5808
849.7000	70.4889
849.6000	70.4063
849.5000	70.3154
849.4000	70.226
849.3000	70.1323
849.2000	70.0415
849.1000	69.9411
849.0000	69.8454
848.9000	69.7468
848.8000	69.6394
848.7000	69.5312
848.6000	69.4308
848.5000	69.3194
848.4000	69.209
848.3000	69.0946
848.2000	68.9868
848.1000	68.863
848.0000	68.7549
847.9000	68.6382
847.8000	68.5257
847.7000	68.4066
847.6000	68.295
847.5000	68.1695
847.4000	68.0387
847.3000	67.9156
847.2000	67.798
847.1000	67.6703
847.0000	67.5442
846.9000	67.4192
846.8000	67.2913
846.7000	67.156
846.6000	67.0324
846.5000	66.9073
846.4000	66.7785
846.3000	66.6479
846.2000	66.5199
846.1000	66.3894
846.0000	66.2635
845.9000	66.1337
845.8000	66.0093
845.7000	65.881
845.6000	65.7616
845.5000	65.6357
845.4000	65.5117
845.3000	65.3923
845.2000	65.2782
845.1000	65.1631
845.0000	65.0429
844.9000	64.9307
844.8000	64.8162
844.7000	64.6922
844.6000	64.5751
844.5000	64.4559
844.4000	64.3436
844.3000	64.2298
844.2000	64.1287
844.1000	64.0166
844.0000	63.9114
843.9000	63.8048
843.8000	63.7026
843.7000	63.6014
843.6000	63.4991
843.5000	63.4048
843.4000	63.3078
843.3000	63.2077
843.2000	63.1156
843.1000	63.0224
843.0000	62.9424
842.9000	62.8502
842.8000	62.7695
842.7000	62.6817
842.6000	62.6039
842.5000	62.5258
842.4000	62.4545
842.3000	62.378
842.2000	62.3111
842.1000	62.24
842.0000	62.1698
841.9000	62.1003
841.8000	62.0445
841.7000	61.9759
841.6000	61.9181
841.5000	61.8714
841.4000	61.8232
841.3000	61.7759
841.2000	61.7283
841.1000	61.6807
841.0000	61.6439
840.9000	61.6024
840.8000	61.5696
840.7000	61.5386
840.6000	61.512
840.5000	61.4757
840.4000	61.4555
840.3000	61.432
840.2000	61.4157
840.1000	61.3987
840.0000	61.3916
839.9000	61.3797
839.8000	61.3705
839.7000	61.3693
839.6000	61.3645
839.5000	61.3638
839.4000	61.3666
839.3000	61.3694
839.2000	61.383
839.1000	61.4006
839.0000	61.418
838.9000	61.4361
838.8000	61.4594
838.7000	61.477
838.6000	61.5029
838.5000	61.5379
838.4000	61.5735
838.3000	61.6018
838.2000	61.6416
838.1000	61.6786
838.0000	61.7188
837.9000	61.766
837.8000	61.8176
837.7000	61.8672
837.6000	61.9206
837.5000	61.9768
837.4000	62.0344
837.3000	62.1
837.2000	62.1661
837.1000	62.2338
837.0000	62.3052
836.9000	62.376
836.8000	62.4513
836.7000	62.5292
836.6000	62.6135
836.5000	62.6945
836.4000	62.7822
836.3000	62.8716
836.2000	62.9638
836.1000	63.057
836.0000	63.1505
835.9000	63.2392
835.8000	63.3385
835.7000	63.4356
835.6000	63.5388
835.5000	63.6474
835.4000	63.7548
835.3000	63.8619
835.2000	63.9743
835.1000	64.0897
835.0000	64.2023
834.9000	64.3178
834.8000	64.4422
834.7000	64.5589
834.6000	64.674
834.5000	64.799
834.4000	64.9253
834.3000	65.0467
834.2000	65.177
834.1000	65.3011
834.0000	65.4337
833.9000	65.5613
833.8000	65.6892
833.7000	65.8197
833.6000	65.9571
833.5000	66.0943
833.4000	66.2281
833.3000	66.3615
833.2000	66.5005
833.1000	66.6385
833.0000	66.7758
832.9000	66.9096
832.8000	67.0507
832.7000	67.1893
832.6000	67.3227
832.5000	67.4585
832.4000	67.6007
832.3000	67.7374
832.2000	67.8769
832.1000	68.0115
832.0000	68.151
831.9000	68.2851
831.8000	68.4206
831.7000	68.5554
831.6000	68.6881
831.5000	68.8207
831.4000	68.9584
831.3000	69.09
831.2000	69.2167
831.1000	69.3428
831.0000	69.4678
830.9000	69.5933
830.8000	69.7151
830.7000	69.8404
830.6000	69.9637
830.5000	70.0842
830.4000	70.195
830.3000	70.3086
830.2000	70.4172
830.1000	70.5309
830.0000	70.6374
829.9000	70.7415
829.8000	70.8462
829.7000	70.9509
829.6000	71.0505
829.5000	71.1492
829.4000	71.2478
829.3000	71.3406
829.2000	71.426
829.1000	71.5126
829.0000	71.5944
828.9000	71.6757
828.8000	71.7465
828.7000	71.8203
828.6000	71.8951
828.5000	71.9601
828.4000	72.0224
828.3000	72.0832
828.2000	72.1409
828.1000	72.1939
828.0000	72.2416
827.9000	72.2868
827.8000	72.3284
827.7000	72.368
827.6000	72.4079
827.5000	72.4367
827.4000	72.463
827.3000	72.4857
827.2000	72.5102
827.1000	72.5209
827.0000	72.5386
826.9000	72.544
826.8000	72.5526
826.7000	72.5551
826.6000	72.552
826.5000	72.5374
826.4000	72.5215
826.3000	72.5047
826.2000	72.4878
826.1000	72.4635
826.0000	72.4388
825.9000	72.4046
825.8000	72.3708
825.7000	72.3275
825.6000	72.2877
825.5000	72.2395
825.4000	72.1881
825.3000	72.1292
825.2000	72.0759
825.1000	72.0145
825.0000	71.9478
824.9000	71.876
824.8000	71.8115
824.7000	71.7375
824.6000	71.6631
824.5000	71.5858
824.4000	71.4989
824.3000	71.4077
824.2000	71.3181
824.1000	71.2245
824.0000	71.132
823.9000	71.0311
823.8000	70.9303
823.7000	70.8251
823.6000	70.7178
823.5000	70.607
823.4000	70.4982
823.3000	70.3848
823.2000	70.2727
823.1000	70.1556
823.0000	70.0388
822.9000	69.9191
822.8000	69.7978
822.7000	69.6718
822.6000	69.5414
822.5000	69.4168
822.4000	69.2881
822.3000	69.1543
822.2000	69.024
822.1000	68.8938
822.0000	68.7564
821.9000	68.6185
821.8000	68.4786
821.7000	68.3415
821.6000	68.2018
821.5000	68.0653
821.4000	67.92
821.3000	67.7795
821.2000	67.6358
821.1000	67.4931
821.0000	67.3527
820.9000	67.211
820.8000	67.0702
820.7000	66.9312
820.6000	66.7895
820.5000	66.6453
820.4000	66.5037
820.3000	66.3583
820.2000	66.2161
820.1000	66.0756
820.0000	65.9341
819.9000	65.7925
819.8000	65.6479
819.7000	65.511
819.6000	65.3688
819.5000	65.2279
819.4000	65.0939
819.3000	64.9529
819.2000	64.8176
819.1000	64.684
819.0000	64.5555
818.9000	64.4245
818.8000	64.2987
818.7000	64.1769
818.6000	64.0523
818.5000	63.9312
818.4000	63.8099
818.3000	63.6914
818.2000	63.5782
818.1000	63.4599
818.0000	63.3477
817.9000	63.2408
817.8000	63.1336
817.7000	63.0277
817.6000	62.9207
817.5000	62.8198
817.4000	62.72
817.3000	62.627
817.2000	62.5323
817.1000	62.4473
817.0000	62.3566
816.9000	62.2715
816.8000	62.1895
816.7000	62.112
816.6000	62.0382
816.5000	61.9602
816.4000	61.8933
816.3000	61.8296
816.2000	61.7691
816.1000	61.7115
816.0000	61.6543
815.9000	61.6027
815.8000	61.5501
815.7000	61.5029
815.6000	61.4564
815.5000	61.4127
815.4000	61.3783
815.3000	61.3421
815.2000	61.3118
815.1000	61.2785
815.0000	61.2552
814.9000	61.2349
814.8000	61.2168
814.7000	61.2009
814.6000	61.1894
814.5000	61.1809
814.4000	61.1762
814.3000	61.1749
814.2000	61.1777
814.1000	61.1801
814.0000	61.1871
813.9000	61.1907
813.8000	61.2061
813.7000	61.2222
813.6000	61.2431
813.5000	61.2661
813.4000	61.2925
813.3000	61.3237
813.2000	61.3548
813.1000	61.3901
813.0000	61.4308
812.9000	61.4755
812.8000	61.5245
812.7000	61.5771
812.6000	61.6238
812.5000	61.6768
812.4000	61.7349
812.3000	61.7914
812.2000	61.8534
812.1000	61.9192
812.0000	61.9902
811.9000	62.0681
811.8000	62.1425
811.7000	62.216
811.6000	62.2998
811.5000	62.3848
811.4000	62.4711
811.3000	62.5609
811.2000	62.6562
811.1000	62.7509
811.0000	62.8478
810.9000	62.9491
810.8000	63.0569
810.7000	63.1686
810.6000	63.2813
810.5000	63.3947
810.4000	63.51
810.3000	63.6237
810.2000	63.7425
810.1000	63.8631
810.0000	63.9846
809.9000	64.1115
809.8000	64.2384
809.7000	64.3668
809.6000	64.4979
809.5000	64.6291
809.4000	64.7677
809.3000	64.9054
809.2000	65.0462
809.1000	65.1866
809.0000	65.3253
808.9000	65.4666
808.8000	65.6068
808.7000	65.7503
808.6000	65.8995
808.5000	66.0472
808.4000	66.1879
808.3000	66.3315
808.2000	66.4826
808.1000	66.6295
808.0000	66.7768
807.9000	66.9214
807.8000	67.072
807.7000	67.2207
807.6000	67.3643
807.5000	67.5083
807.4000	67.6542
807.3000	67.8041
807.2000	67.9488
807.1000	68.0954
807.0000	68.2409
806.9000	68.3786
806.8000	68.5234
806.7000	68.6636
806.6000	68.8033
806.5000	68.9397
806.4000	69.0763
806.3000	69.2092
806.2000	69.3412
806.1000	69.4729
806.0000	69.6013
805.9000	69.7295
805.8000	69.8588
805.7000	69.9882
805.6000	70.1095
805.5000	70.2209
805.4000	70.3361
805.3000	70.452
805.2000	70.5694
805.1000	70.6775
805.0000	70.7812
804.9000	70.8874
804.8000	70.9875
804.7000	71.09
804.6000	71.1785
804.5000	71.2665
804.4000	71.3581
804.3000	71.4431
804.2000	71.5245
804.1000	71.5959
804.0000	71.6672
803.9000	71.7364
803.8000	71.7994
803.7000	71.8683
803.6000	71.921
803.5000	71.9715
803.4000	72.0174
803.3000	72.0583
803.2000	72.097
803.1000	72.1303
803.0000	72.1628
802.9000	72.19
802.8000	72.2105
802.7000	72.2311
802.6000	72.2417
802.5000	72.2425
802.4000	72.2479
802.3000	72.2555
802.2000	72.2486
802.1000	72.2371
802.0000	72.2202
801.9000	72.2081
801.8000	72.1882
801.7000	72.1577
801.6000	72.1213
801.5000	72.0828
801.4000	72.0444
801.3000	72.0041
801.2000	71.9492
801.1000	71.8963
801.0000	71.8397
800.9000	71.7771
800.8000	71.7132
800.7000	71.6441
800.6000	71.569
800.5000	71.4869
800.4000	71.409
800.3000	71.3236
800.2000	71.2401
800.1000	71.1539
800.0000	71.0546
799.9000	70.9538
799.8000	70.8484
799.7000	70.7395
799.6000	70.6354
799.5000	70.5188
799.4000	70.405
799.3000	70.2925
799.2000	70.173
799.1000	70.0521
799.0000	69.9263
798.9000	69.7956
798.8000	69.6624
798.7000	69.5185
798.6000	69.3786
798.5000	69.2412
798.4000	69.1014
798.3000	68.9604
798.2000	68.8192
798.1000	68.67
798.0000	68.5275
797.9000	68.3752
797.8000	68.2259
797.7000	68.0763
797.6000	67.923
797.5000	67.7715
797.4000	67.6184
797.3000	67.4674
797.2000	67.3145
797.1000	67.1597
797.0000	67.0024
796.9000	66.8461
796.8000	66.6981
796.7000	66.5471
796.6000	66.3977
796.5000	66.2439
796.4000	66.0874
796.3000	65.9372
796.2000	65.7891
796.1000	65.6343
796.0000	65.4852
795.9000	65.3338
795.8000	65.1872
795.7000	65.0458
795.6000	64.9046
795.5000	64.768
795.4000	64.6282
795.3000	64.4905
795.2000	64.3567
795.1000	64.2158
795.0000	64.083
794.9000	63.9533
794.8000	63.822
794.7000	63.6969
794.6000	63.5695
794.5000	63.4438
794.4000	63.3244
794.3000	63.2038
794.2000	63.0889
794.1000	62.9744
794.0000	62.8677
793.9000	62.7631
793.8000	62.6584
793.7000	62.5588
793.6000	62.4617
793.5000	62.3677
793.4000	62.272
793.3000	62.1852
793.2000	62.0975
793.1000	62.0142
793.0000	61.9324
792.9000	61.8582
792.8000	61.7833
792.7000	61.7117
792.6000	61.6414
792.5000	61.5741
792.4000	61.515
792.3000	61.4571
792.2000	61.405
792.1000	61.3526
792.0000	61.3067
791.9000	61.2678
791.8000	61.2326
791.7000	61.1976
791.6000	61.1649
791.5000	61.1365
791.4000	61.1144
791.3000	61.0988
791.2000	61.0849
791.1000	61.0716
791.0000	61.0659
790.9000	61.0594
790.8000	61.0582
790.7000	61.0584
790.6000	61.0651
790.5000	61.0719
790.4000	61.083
790.3000	61.0968
790.2000	61.1152
790.1000	61.1367
790.0000	61.1686
789.9000	61.2011
789.8000	61.2378
789.7000	61.2739
789.6000	61.3218
789.5000	61.3663
789.4000	61.4217
789.3000	61.4783
789.2000	61.5396
789.1000	61.6031
789.0000	61.6676
788.9000	61.7374
788.8000	61.809
788.7000	61.8852
788.6000	61.9617
788.5000	62.0449
788.4000	62.1329
788.3000	62.2258
788.2000	62.32
788.1000	62.4135
788.0000	62.5128
787.9000	62.6129
787.8000	62.7166
787.7000	62.8247
787.6000	62.9293
787.5000	63.0437
787.4000	63.1612
787.3000	63.281
787.2000	63.4028
787.1000	63.5277
787.0000	63.6564
786.9000	63.7867
786.8000	63.9146
786.7000	64.0501
786.6000	64.1884
786.5000	64.3256
786.4000	64.4627
786.3000	64.6033
786.2000	64.7449
786.1000	64.8853
786.0000	65.0289
785.9000	65.1732
785.8000	65.3212
785.7000	65.4706
785.6000	65.6222
785.5000	65.7744
785.4000	65.9279
785.3000	66.0814
785.2000	66.2375
785.1000	66.3904
785.0000	66.5428
784.9000	66.6952
784.8000	66.8494
784.7000	67.0099
784.6000	67.1652
784.5000	67.3206
784.4000	67.4768
784.3000	67.6282
784.2000	67.7758
784.1000	67.933
784.0000	68.0853
783.9000	68.2345
783.8000	68.3872
783.7000	68.5364
783.6000	68.6852
783.5000	68.825
783.4000	68.9642
783.3000	69.1096
783.2000	69.2499
783.1000	69.3893
783.0000	69.5265
782.9000	69.6623
782.8000	69.7948
782.7000	69.9236
782.6000	70.0503
782.5000	70.174
782.4000	70.2955
782.3000	70.4121
782.2000	70.5261
782.1000	70.6369
782.0000	70.743
781.9000	70.8467
781.8000	70.9442
781.7000	71.042
781.6000	71.1357
781.5000	71.2222
781.4000	71.3108
781.3000	71.391
781.2000	71.4679
781.1000	71.5441
781.0000	71.6158
780.9000	71.6746
780.8000	71.7352
780.7000	71.7941
780.6000	71.8426
780.5000	71.8873
780.4000	71.9315
780.3000	71.969
780.2000	72.0035
780.1000	72.0306
780.0000	72.0527
779.9000	72.0744
779.8000	72.0907
779.7000	72.1068
779.6000	72.1099
779.5000	72.1137
779.4000	72.1087
779.3000	72.0964
779.2000	72.0809
779.1000	72.0602
779.0000	72.0319
778.9000	71.9967
778.8000	71.9663
778.7000	71.927
778.6000	71.8834
778.5000	71.8394
778.4000	71.7902
778.3000	71.7354
778.2000	71.6688
778.1000	71.6049
778.0000	71.5367
777.9000	71.4616
777.8000	71.3857
777.7000	71.3
777.6000	71.2126
777.5000	71.1199
777.4000	71.0286
777.3000	70.9326
777.2000	70.8289
777.1000	70.7208
777.0000	70.6113
776.9000	70.4974
776.8000	70.3812
776.7000	70.2587
776.6000	70.1304
776.5000	70.0004
776.4000	69.8751
776.3000	69.7397
776.2000	69.608
776.1000	69.4761
776.0000	69.3375
775.9000	69.1997
775.8000	69.0621
775.7000	68.9223
775.6000	68.7778
775.5000	68.6292
775.4000	68.4842
775.3000	68.3297
775.2000	68.1792
775.1000	68.0241
775.0000	67.8744
774.9000	67.7192
774.8000	67.5675
774.7000	67.4138
774.6000	67.2587
774.5000	67.1071
774.4000	66.953
774.3000	66.8
774.2000	66.6474
774.1000	66.4924
774.0000	66.3386
773.9000	66.1869
773.8000	66.0359
773.7000	65.8842
773.6000	65.7351
773.5000	65.5829
773.4000	65.4373
773.3000	65.2895
773.2000	65.1406
773.1000	64.9952
773.0000	64.8501
772.9000	64.7058
772.8000	64.5662
772.7000	64.4258
772.6000	64.2878
772.5000	64.1524
772.4000	64.0189
772.3000	63.8891
772.2000	63.7584
772.1000	63.6362
772.0000	63.5103
771.9000	63.3872
771.8000	63.2715
771.7000	63.1552
771.6000	63.0435
771.5000	62.9308
771.4000	62.8271
771.3000	62.7233
771.2000	62.6262
771.1000	62.5265
771.0000	62.4286
770.9000	62.3371
770.8000	62.2521
770.7000	62.1686
770.6000	62.0878
770.5000	62.0078
770.4000	61.9363
770.3000	61.868
770.2000	61.802
770.1000	61.7353
770.0000	61.6805
769.9000	61.6255
769.8000	61.5765
769.7000	61.5309
769.6000	61.4883
769.5000	61.4459
769.4000	61.4112
769.3000	61.3782
769.2000	61.3521
769.1000	61.3316
769.0000	61.3163
768.9000	61.3009
768.8000	61.2949
768.7000	61.293
768.6000	61.2907
768.5000	61.2951
768.4000	61.3014
768.3000	61.3143
768.2000	61.3289
768.1000	61.3479
768.0000	61.3689
767.9000	61.3984
767.8000	61.4341
767.7000	61.471
767.6000	61.5106
767.5000	61.5555
767.4000	61.6071
767.3000	61.6623
767.2000	61.7171
767.1000	61.7772
767.0000	61.8427
766.9000	61.9154
766.8000	61.9909
766.7000	62.0686
766.6000	62.1469
766.5000	62.2288
766.4000	62.3161
766.3000	62.4099
766.2000	62.5077
766.1000	62.6093
766.0000	62.7125
765.9000	62.8139
765.8000	62.9261
765.7000	63.0363
765.6000	63.1501
765.5000	63.2666
765.4000	63.387
765.3000	63.5104
765.2000	63.6398
765.1000	63.7701
765.0000	63.9032
764.9000	64.0405
764.8000	64.1803
764.7000	64.3213
764.6000	64.4627
764.5000	64.6047
764.4000	64.752
764.3000	64.9021
764.2000	65.0532
764.1000	65.2032
764.0000	65.3574
763.9000	65.5147
763.8000	65.6756
763.7000	65.8347
763.6000	65.9919
763.5000	66.1504
763.4000	66.316
763.3000	66.4814
763.2000	66.6473
763.1000	66.8119
763.0000	66.9755
762.9000	67.1388
762.8000	67.3
762.7000	67.4673
762.6000	67.6281
762.5000	67.7936
762.4000	67.9555
762.3000	68.1209
762.2000	68.2808
762.1000	68.4414
762.0000	68.597
761.9000	68.7544
761.8000	68.9103
761.7000	69.0614
761.6000	69.2092
761.5000	69.3565
761.4000	69.5025
761.3000	69.6473
761.2000	69.7925
761.1000	69.9289
761.0000	70.0673
760.9000	70.2059
760.8000	70.3432
760.7000	70.4702
760.6000	70.5943
760.5000	70.7146
760.4000	70.8338
760.3000	70.9504
760.2000	71.0628
760.1000	71.1667
760.0000	71.2664
759.9000	71.364
759.8000	71.4554
759.7000	71.5451
759.6000	71.6316
759.5000	71.7099
759.4000	71.7889
759.3000	71.8579
759.2000	71.925
759.1000	71.9859
759.0000	72.0466
758.9000	72.1034
758.8000	72.1527
758.7000	72.194
758.6000	72.2269
758.5000	72.2611
758.4000	72.2921
758.3000	72.3131
758.2000	72.3335
758.1000	72.3449
758.0000	72.3502
757.9000	72.3548
757.8000	72.3481
757.7000	72.3361
757.6000	72.3204
757.5000	72.3002
757.4000	72.2734
757.3000	72.2419
757.2000	72.2021
757.1000	72.1585
757.0000	72.1079
756.9000	72.0552
756.8000	72.0005
756.7000	71.9371
756.6000	71.8714
756.5000	71.7989
756.4000	71.7223
756.3000	71.6438
756.2000	71.5569
756.1000	71.4711
756.0000	71.3751
755.9000	71.2747
755.8000	71.1705
755.7000	71.06
755.6000	70.9501
755.5000	70.835
755.4000	70.724
755.3000	70.6014
755.2000	70.4756
755.1000	70.3479
755.0000	70.2152
754.9000	70.0811
754.8000	69.9433
754.7000	69.8013
754.6000	69.6568
754.5000	69.5124
754.4000	69.3599
754.3000	69.2085
754.2000	69.0555
754.1000	68.902
754.0000	68.7475
753.9000	68.5922
753.8000	68.4353
753.7000	68.2789
753.6000	68.1184
753.5000	67.9603
753.4000	67.7999
753.3000	67.6395
753.2000	67.4817
753.1000	67.3208
753.0000	67.1592
752.9000	66.9945
752.8000	66.8377
752.7000	66.6758
752.6000	66.5157
752.5000	66.3541
752.4000	66.1948
752.3000	66.0402
752.2000	65.8819
752.1000	65.7258
752.0000	65.5726
751.9000	65.4185
751.8000	65.2708
751.7000	65.1226
751.6000	64.9761
751.5000	64.8316
751.4000	64.6948
751.3000	64.5579
751.2000	64.4242
751.1000	64.2936
751.0000	64.1652
750.9000	64.0389
750.8000	63.9153
750.7000	63.7934
750.6000	63.6756
750.5000	63.5565
750.4000	63.4464
750.3000	63.3379
750.2000	63.2329
750.1000	63.1326
750.0000	63.032
749.9000	62.9348
749.8000	62.8447
749.7000	62.7615
749.6000	62.6775
749.5000	62.6001
749.4000	62.5289
749.3000	62.4587
749.2000	62.3955
749.1000	62.3319
749.0000	62.2743
748.9000	62.2249
748.8000	62.1779
748.7000	62.1371
748.6000	62.0939
748.5000	62.0576
748.4000	62.0277
748.3000	62.0042
748.2000	61.9792
748.1000	61.9625
748.0000	61.9496
747.9000	61.9389
747.8000	61.9373
747.7000	61.9386
747.6000	61.9478
747.5000	61.9618
747.4000	61.9802
747.3000	62.0027
747.2000	62.0297
747.1000	62.0596
747.0000	62.0938
746.9000	62.1313
746.8000	62.178
746.7000	62.2298
746.6000	62.2841
746.5000	62.3387
746.4000	62.4027
746.3000	62.4727
746.2000	62.5414
746.1000	62.6179
746.0000	62.6984
745.9000	62.7812
745.8000	62.8713
745.7000	62.9587
745.6000	63.052
745.5000	63.1516
745.4000	63.2597
745.3000	63.3711
745.2000	63.4838
745.1000	63.5966
745.0000	63.7157
744.9000	63.8368
744.8000	63.9636
744.7000	64.097
744.6000	64.2281
744.5000	64.3605
744.4000	64.4968
744.3000	64.6359
744.2000	64.7789
744.1000	64.9291
744.0000	65.077
743.9000	65.2296
743.8000	65.3833
743.7000	65.5398
743.6000	65.6955
743.5000	65.8515
743.4000	66.0138
743.3000	66.1795
743.2000	66.3402
743.1000	66.5023
743.0000	66.6671
742.9000	66.8311
742.8000	66.9979
742.7000	67.1697
742.6000	67.3389
742.5000	67.5126
742.4000	67.6856
742.3000	67.8552
742.2000	68.0242
742.1000	68.1933
742.0000	68.3609
741.9000	68.5315
741.8000	68.6995
741.7000	68.864
741.6000	69.0277
741.5000	69.1883
741.4000	69.3491
741.3000	69.5101
741.2000	69.6646
741.1000	69.8209
741.0000	69.9741
740.9000	70.1236
740.8000	70.2717
740.7000	70.4148
740.6000	70.5577
740.5000	70.6945
740.4000	70.8288
740.3000	70.9624
740.2000	71.0879
740.1000	71.2089
740.0000	71.2579
739.9000	71.3715
739.8000	71.4851
739.7000	71.591
739.6000	71.6929
739.5000	71.7879
739.4000	71.8817
739.3000	71.97
739.2000	72.0524
739.1000	72.1273
739.0000	72.2026
738.9000	72.2732
738.8000	72.3376
738.7000	72.3921
738.6000	72.4425
738.5000	72.4898
738.4000	72.5283
738.3000	72.5669
738.2000	72.5983
738.1000	72.6208
738.0000	72.6405
737.9000	72.654
737.8000	72.664
737.7000	72.6698
737.6000	72.6633
737.5000	72.6542
737.4000	72.6369
737.3000	72.6168
737.2000	72.5885
737.1000	72.5553
737.0000	72.5199
736.9000	72.4785
736.8000	72.4304
736.7000	72.3771
736.6000	72.3158
736.5000	72.2533
736.4000	72.1836
736.3000	72.1071
736.2000	72.0248
736.1000	71.9389
736.0000	71.8481
735.9000	71.7548
735.8000	71.6543
735.7000	71.554
735.6000	71.4456
735.5000	71.3361
735.4000	71.2252
735.3000	71.1074
735.2000	70.9832
735.1000	70.8551
735.0000	70.7233
734.9000	70.5927
734.8000	70.4542
734.7000	70.3139
734.6000	70.1684
734.5000	70.0194
734.4000	69.8747
734.3000	69.7263
734.2000	69.5742
734.1000	69.4219
734.0000	69.2675
733.9000	69.1123
733.8000	68.954
733.7000	68.7957
733.6000	68.6359
733.5000	68.4752
733.4000	68.3176
733.3000	68.1586
733.2000	67.9981
733.1000	67.8419
733.0000	67.6824
732.9000	67.5272
732.8000	67.3707
732.7000	67.2146
732.6000	67.055
732.5000	66.8963
732.4000	66.7393
732.3000	66.5851
732.2000	66.4297
732.1000	66.2792
732.0000	66.1296
731.9000	65.9826
731.8000	65.8394
731.7000	65.6968
731.6000	65.5579
731.5000	65.4205
731.4000	65.2879
731.3000	65.1588
731.2000	65.0278
731.1000	64.9036
731.0000	64.7826
730.9000	64.665
730.8000	64.5481
730.7000	64.4368
730.6000	64.3244
730.5000	64.2188
730.4000	64.1159
730.3000	64.0181
730.2000	63.922
730.1000	63.8302
730.0000	63.7416
729.9000	63.6561
729.8000	63.5756
729.7000	63.4982
729.6000	63.4254
729.5000	63.3612
729.4000	63.3004
729.3000	63.2442
729.2000	63.1922
729.1000	63.1447
729.0000	63.1039
728.9000	63.067
728.8000	63.0368
728.7000	63.0123
728.6000	62.9854
728.5000	62.9663
728.4000	62.9522
728.3000	62.9423
728.2000	62.9354
728.1000	62.9354
728.0000	62.9385
727.9000	62.9461
727.8000	62.9606
727.7000	62.9772
727.6000	63.0016
727.5000	63.0285
727.4000	63.0637
727.3000	63.1057
727.2000	63.151
727.1000	63.2006
727.0000	63.2528
726.9000	63.3142
726.8000	63.377
726.7000	63.4468
726.6000	63.5198
726.5000	63.5985
726.4000	63.6799
726.3000	63.7633
726.2000	63.8541
726.1000	63.9501
726.0000	64.0476
725.9000	64.1522
725.8000	64.2615
725.7000	64.3729
725.6000	64.4847
725.5000	64.6008
725.4000	64.7259
725.3000	64.8545
725.2000	64.9847
725.1000	65.1187
725.0000	65.2567
724.9000	65.3932
724.8000	65.5381
724.7000	65.6853
724.6000	65.8333
724.5000	65.9846
724.4000	66.1354
724.3000	66.2955
724.2000	66.4543
724.1000	66.6104
724.0000	66.7677
723.9000	66.931
723.8000	67.0946
723.7000	67.2589
723.6000	67.4273
723.5000	67.5945
723.4000	67.7678
723.3000	67.938
723.2000	68.1094
723.1000	68.2793
723.0000	68.4489
722.9000	68.6156
722.8000	68.7855
722.7000	68.9513
722.6000	69.1144
722.5000	69.2767
722.4000	69.4413
722.3000	69.6053
722.2000	69.7671
722.1000	69.9258
722.0000	70.0862
721.9000	70.244
721.8000	70.4002
721.7000	70.5525
721.6000	70.6979
721.5000	70.8404
721.4000	70.982
721.3000	71.1228
721.2000	71.266
721.1000	71.3972
721.0000	71.526
720.9000	71.6495
720.8000	71.7746
720.7000	71.8879
720.6000	72.0036
720.5000	72.1081
720.4000	72.2126
720.3000	72.309
720.2000	72.4
720.1000	72.4868
720.0000	72.569
719.9000	72.6475
719.8000	72.7234
719.7000	72.7901
719.6000	72.8562
719.5000	72.9128
719.4000	72.967
719.3000	73.0133
719.2000	73.0559
719.1000	73.0897
719.0000	73.1172
718.9000	73.1391
718.8000	73.1571
718.7000	73.1649
718.6000	73.1677
718.5000	73.1671
718.4000	73.1655
718.3000	73.1511
718.2000	73.1347
718.1000	73.1108
718.0000	73.0781
717.9000	73.0386
717.8000	72.9997
717.7000	72.9535
717.6000	72.9004
717.5000	72.841
717.4000	72.7786
717.3000	72.7092
717.2000	72.6357
717.1000	72.5546
717.0000	72.4702
716.9000	72.3811
716.8000	72.2894
716.7000	72.1911
716.6000	72.0898
716.5000	71.9778
716.4000	71.868
716.3000	71.7509
716.2000	71.6321
716.1000	71.5039
716.0000	71.3786
715.9000	71.2455
715.8000	71.1127
715.7000	70.9715
715.6000	70.8298
715.5000	70.6834
715.4000	70.5404
715.3000	70.3919
715.2000	70.2428
715.1000	70.0909
715.0000	69.937
714.9000	69.777
714.8000	69.6194
714.7000	69.4594
714.6000	69.3003
714.5000	69.1365
714.4000	68.9756
714.3000	68.8143
714.2000	68.6529
714.1000	68.4874
714.0000	68.3263
713.9000	68.1636
713.8000	68.0042
713.7000	67.84
713.6000	67.6813
713.5000	67.5208
713.4000	67.3637
713.3000	67.2086
713.2000	67.0518
713.1000	66.8961
713.0000	66.7439
712.9000	66.5972
712.8000	66.4529
712.7000	66.3077
712.6000	66.1686
712.5000	66.0282
712.4000	65.8981
712.3000	65.7659
712.2000	65.6384
712.1000	65.5114
712.0000	65.3909
711.9000	65.2702
711.8000	65.1562
711.7000	65.0441
711.6000	64.9404
711.5000	64.8322
711.4000	64.7367
711.3000	64.6426
711.2000	64.5579
711.1000	64.4683
711.0000	64.3903
710.9000	64.3163
710.8000	64.2478
710.7000	64.1826
710.6000	64.128
710.5000	64.0723
710.4000	64.0215
710.3000	63.9749
710.2000	63.9382
710.1000	63.9013
710.0000	63.8777
709.9000	63.8527
709.8000	63.8399
709.7000	63.8213
709.6000	63.8169
709.5000	63.81
709.4000	63.8154
709.3000	63.8191
709.2000	63.8311
709.1000	63.846
709.0000	63.8735
708.9000	63.8961
708.8000	63.9323
708.7000	63.9705
708.6000	64.0188
708.5000	64.0651
708.4000	64.1227
708.3000	64.181
708.2000	64.2471
708.1000	64.3116
708.0000	64.3894
707.9000	64.4654
707.8000	64.5492
707.7000	64.6318
707.6000	64.7258
707.5000	64.8156
707.4000	64.9147
707.3000	65.0154
707.2000	65.1317
707.1000	65.2389
707.0000	65.3552
706.9000	65.4694
706.8000	65.5928
706.7000	65.7164
706.6000	65.8487
706.5000	65.9804
706.4000	66.1146
706.3000	66.247
706.2000	66.392
706.1000	66.5325
706.0000	66.6827
705.9000	66.8231
705.8000	66.9768
705.7000	67.1283
705.6000	67.2882
705.5000	67.4384
705.4000	67.5992
705.3000	67.7524
705.2000	67.9149
705.1000	68.0693
705.0000	68.2307
704.9000	68.3876
704.8000	68.5508
704.7000	68.7078
704.6000	68.8731
704.5000	69.0266
704.4000	69.1883
704.3000	69.3452
704.2000	69.5054
704.1000	69.6559
704.0000	69.8129
703.9000	69.9607
703.8000	70.1145
703.7000	70.2608
703.6000	70.4078
703.5000	70.5475
703.4000	70.6882
703.3000	70.8212
703.2000	70.9597
703.1000	71.0879
703.0000	71.2167
702.9000	71.3359
702.8000	71.4576
702.7000	71.5742
702.6000	71.6872
702.5000	71.7871
702.4000	71.8861
702.3000	71.9809
702.2000	72.075
702.1000	72.1597
702.0000	72.2404
701.9000	72.3151
701.8000	72.3859
701.7000	72.4498
701.6000	72.5067
701.5000	72.5578
701.4000	72.6038
701.3000	72.6442
701.2000	72.6794
701.1000	72.703
701.0000	72.7243
700.9000	72.7403
700.8000	72.7478
700.7000	72.7533
700.6000	72.7486
700.5000	72.7433
700.4000	72.7263
700.3000	72.705
700.2000	72.674
700.1000	72.6446
700.0000	72.6006
699.9000	72.562
699.8000	72.5054
699.7000	72.4559
699.6000	72.3877
699.5000	72.3244
699.4000	72.2443
699.3000	72.1757
699.2000	72.0863
699.1000	72.0018
699.0000	71.9004
698.9000	71.8091
698.8000	71.7
698.7000	71.603
698.6000	71.4845
698.5000	71.3798
698.4000	71.2554
698.3000	71.1456
698.2000	71.011
698.1000	70.895
698.0000	70.7547
697.9000	70.6388
697.8000	70.4926
697.7000	70.3675
697.6000	70.2165
697.5000	70.0843
697.4000	69.929
697.3000	69.7985
697.2000	69.6409
697.1000	69.5095
697.0000	69.3496
696.9000	69.2163
696.8000	69.0562
696.7000	68.9237
696.6000	68.7625
696.5000	68.633
696.4000	68.4725
696.3000	68.3442
696.2000	68.1855
696.1000	68.059
696.0000	67.9017
695.9000	67.7837
695.8000	67.6334
695.7000	67.5135
695.6000	67.3611
695.5000	67.2485
695.4000	67.1048
695.3000	66.9973
695.2000	66.8565
695.1000	66.7585
695.0000	66.6252
694.9000	66.532
694.8000	66.4045
694.7000	66.3136
694.6000	66.1956
694.5000	66.117
694.4000	66.0064
694.3000	65.9412
694.2000	65.8395
694.1000	65.7776
694.0000	65.6871
693.9000	65.6348
693.8000	65.5519
693.7000	65.5091
693.6000	65.4365
693.5000	65.404
693.4000	65.346
693.3000	65.3225
693.2000	65.273
693.1000	65.2605
693.0000	65.2203
692.9000	65.2217
692.8000	65.1954
692.7000	65.204
692.6000	65.1848
692.5000	65.2061
692.4000	65.2056
692.3000	65.2375
692.2000	65.2437
692.1000	65.2852
692.0000	65.3045
691.9000	65.3547
691.8000	65.3867
691.7000	65.4484
691.6000	65.492
691.5000	65.5688
691.4000	65.6275
691.3000	65.7104
691.2000	65.7767
691.1000	65.8662
691.0000	65.9445
690.9000	66.0472
690.8000	66.1361
690.7000	66.2501
690.6000	66.3515
690.5000	66.4715
690.4000	66.5829
690.3000	66.7116
690.2000	66.83
690.1000	66.9685
690.0000	67.0994
689.9000	67.2457
689.8000	67.3837
689.7000	67.5348
689.6000	67.6838
689.5000	67.8402
689.4000	67.9969
689.3000	68.1623
689.2000	68.3234
689.1000	68.4899
689.0000	68.6598
688.9000	68.833
688.8000	69.0051
688.7000	69.1816
688.6000	69.3615
688.5000	69.5465
688.4000	69.7305
688.3000	69.9087
688.2000	70.0901
688.1000	70.2739
688.0000	70.4637
687.9000	70.6514
687.8000	70.8411
687.7000	71.0238
687.6000	71.2133
687.5000	71.3938
687.4000	71.5835
687.3000	71.7681
687.2000	71.9552
687.1000	72.1317
687.0000	72.3158
686.9000	72.4896
686.8000	72.6695
686.7000	72.8378
686.6000	73.0143
686.5000	73.1776
686.4000	73.3481
686.3000	73.5039
686.2000	73.6662
686.1000	73.8187
686.0000	73.9759
685.9000	74.1224
685.8000	74.2737
685.7000	74.407
685.6000	74.5505
685.5000	74.6752
685.4000	74.8085
685.3000	74.917
685.2000	75.0405
685.1000	75.1441
685.0000	75.2603
684.9000	75.3508
684.8000	75.4532
684.7000	75.5283
684.6000	75.6197
684.5000	75.6847
684.4000	75.7668
684.3000	75.8199
684.2000	75.8894
684.1000	75.9247
684.0000	75.9807
683.9000	76.0065
683.8000	76.0517
683.7000	76.0622
683.6000	76.0934
683.5000	76.0907
683.4000	76.115
683.3000	76.0953
683.2000	76.1018
683.1000	76.0676
683.0000	76.0646
682.9000	76.017
682.8000	76.0009
682.7000	75.9371
682.6000	75.9078
682.5000	75.8365
682.4000	75.7948
682.3000	75.7049
682.2000	75.6527
682.1000	75.554
682.0000	75.4892
681.9000	75.3796
681.8000	75.2994
681.7000	75.1747
681.6000	75.0835
681.5000	74.9474
681.4000	74.8435
681.3000	74.6995
681.2000	74.5816
681.1000	74.4265
681.0000	74.2981
680.9000	74.1324
680.8000	73.9959
680.7000	73.8218
680.6000	73.6756
680.5000	73.4946
680.4000	73.3433
680.3000	73.1579
680.2000	72.9907
680.1000	72.8008
680.0000	72.6274
679.9000	72.4376
679.8000	72.2599
679.7000	72.0603
679.6000	71.8769
679.5000	71.6821
679.4000	71.4946
679.3000	71.2943
679.2000	71.1065
679.1000	70.9096
679.0000	70.7162
678.9000	70.5222
678.8000	70.3296
678.7000	70.1371
678.6000	69.9479
678.5000	69.7628
678.4000	69.5786
678.3000	69.4008
678.2000	69.2245
678.1000	69.052
678.0000	68.8822
677.9000	68.7221
677.8000	68.5628
677.7000	68.4092
677.6000	68.2567
677.5000	68.1164
677.4000	67.9758
677.3000	67.8455
677.2000	67.714
677.1000	67.5966
677.0000	67.4801
676.9000	67.3746
676.8000	67.2744
676.7000	67.1819
676.6000	67.0909
676.5000	67.0132
676.4000	66.9372
676.3000	66.8683
676.2000	66.807
676.1000	66.7549
676.0000	66.7065
675.9000	66.6692
675.8000	66.6366
675.7000	66.6114
675.6000	66.5939
675.5000	66.5821
675.4000	66.5781
675.3000	66.5821
675.2000	66.5906
675.1000	66.6059
675.0000	66.6288
674.9000	66.6553
674.8000	66.6917
674.7000	66.7282
674.6000	66.7702
674.5000	66.8224
674.4000	66.8793
674.3000	66.9426
674.2000	67.0094
674.1000	67.0853
674.0000	67.1641
673.9000	67.2456
673.8000	67.3338
673.7000	67.4257
673.6000	67.5221
673.5000	67.6216
673.4000	67.7267
673.3000	67.8368
673.2000	67.9514
673.1000	68.0705
673.0000	68.1908
672.9000	68.3148
672.8000	68.444
672.7000	68.5746
672.6000	68.7092
672.5000	68.8442
672.4000	68.9842
672.3000	69.128
672.2000	69.2715
672.1000	69.4175
672.0000	69.5618
671.9000	69.7131
671.8000	69.8612
671.7000	70.0105
671.6000	70.1613
671.5000	70.3157
671.4000	70.4719
671.3000	70.6246
671.2000	70.7768
671.1000	70.9284
671.0000	71.0825
670.9000	71.2321
670.8000	71.3786
670.7000	71.525
670.6000	71.6714
670.5000	71.8165
670.4000	71.9594
670.3000	72.1028
670.2000	72.2427
670.1000	72.3785
670.0000	72.514
669.9000	72.644
669.8000	72.77
669.7000	72.8913
669.6000	73.009
669.5000	73.1251
669.4000	73.2359
669.3000	73.3454
669.2000	73.4488
669.1000	73.5432
669.0000	73.6354
668.9000	73.7216
668.8000	73.8072
668.7000	73.8837
668.6000	73.9574
668.5000	74.0278
668.4000	74.0864
668.3000	74.1404
668.2000	74.1907
668.1000	74.2366
668.0000	74.2749
667.9000	74.3072
667.8000	74.3334
667.7000	74.3536
667.6000	74.3696
667.5000	74.379
667.4000	74.3805
667.3000	74.3787
667.2000	74.3703
667.1000	74.351
667.0000	74.3284
666.9000	74.3029
666.8000	74.2681
666.7000	74.2246
666.6000	74.18
666.5000	74.1314
666.4000	74.0755
666.3000	74.0148
666.2000	73.946
666.1000	73.8696
666.0000	73.7875
665.9000	73.7056
665.8000	73.6171
665.7000	73.5246
665.6000	73.4288
665.5000	73.3262
665.4000	73.2206
665.3000	73.1103
665.2000	72.9968
665.1000	72.8827
665.0000	72.7625
664.9000	72.6395
664.8000	72.5121
664.7000	72.3823
664.6000	72.2501
664.5000	72.1161
664.4000	71.9804
664.3000	71.8441
664.2000	71.7052
664.1000	71.5653
664.0000	71.4228
663.9000	71.282
663.8000	71.1416
663.7000	70.9959
663.6000	70.8524
663.5000	70.7116
663.4000	70.5721
663.3000	70.4294
663.2000	70.2884
663.1000	70.1484
663.0000	70.0106
662.9000	69.876
662.8000	69.7423
662.7000	69.611
662.6000	69.4842
662.5000	69.3554
662.4000	69.2308
662.3000	69.1112
662.2000	68.9906
662.1000	68.8738
662.0000	68.763
661.9000	68.6515
661.8000	68.5444
661.7000	68.4438
661.6000	68.3495
661.5000	68.2571
661.4000	68.1691
661.3000	68.0839
661.2000	68.0057
661.1000	67.9309
661.0000	67.8628
660.9000	67.7984
660.8000	67.7405
660.7000	67.6825
660.6000	67.6328
660.5000	67.5896
660.4000	67.5504
660.3000	67.5184
660.2000	67.4885
660.1000	67.4687
660.0000	67.4536
659.9000	67.4446
659.8000	67.4439
659.7000	67.4432
659.6000	67.4523
659.5000	67.4644
659.4000	67.4815
659.3000	67.505
659.2000	67.5345
659.1000	67.5672
659.0000	67.6103
658.9000	67.6564
658.8000	67.7079
658.7000	67.7674
658.6000	67.83
658.5000	67.894
658.4000	67.9651
658.3000	68.0446
658.2000	68.1261
658.1000	68.2129
658.0000	68.3046
657.9000	68.3991
657.8000	68.4971
657.7000	68.5955
657.6000	68.7026
657.5000	68.8175
657.4000	68.9355
657.3000	69.0538
657.2000	69.1745
657.1000	69.2976
657.0000	69.4222
656.9000	69.548
656.8000	69.6814
656.7000	69.8139
656.6000	69.9471
656.5000	70.0838
656.4000	70.2218
656.3000	70.36
656.2000	70.5017
656.1000	70.6453
656.0000	70.7866
655.9000	70.9288
655.8000	71.0691
655.7000	71.21
655.6000	71.3517
655.5000	71.4879
655.4000	71.6275
655.3000	71.7664
655.2000	71.9033
655.1000	72.0365
655.0000	72.1724
654.9000	72.3028
654.8000	72.43
654.7000	72.5546
654.6000	72.6787
654.5000	72.8002
654.4000	72.9152
654.3000	73.0287
654.2000	73.1332
654.1000	73.235
654.0000	73.336
653.9000	73.4316
653.8000	73.5269
653.7000	73.6129
653.6000	73.6928
653.5000	73.7671
653.4000	73.837
653.3000	73.9018
653.2000	73.9617
653.1000	74.0176
653.0000	74.0653
652.9000	74.1062
652.8000	74.1421
652.7000	74.1712
652.6000	74.1974
652.5000	74.215
652.4000	74.2252
652.3000	74.2329
652.2000	74.2328
652.1000	74.2268
652.0000	74.2149
651.9000	74.1953
651.8000	74.166
651.7000	74.1361
651.6000	74.0997
651.5000	74.0597
651.4000	74.0096
651.3000	73.9531
651.2000	73.8929
651.1000	73.8275
651.0000	73.7583
650.9000	73.6844
650.8000	73.6057
650.7000	73.5224
650.6000	73.4291
650.5000	73.3393
650.4000	73.2393
650.3000	73.1391
650.2000	73.0308
650.1000	72.925
650.0000	72.8131
649.9000	72.6989
649.8000	72.579
649.7000	72.4593
649.6000	72.3324
649.5000	72.2096
649.4000	72.08
649.3000	71.9525
649.2000	71.8219
649.1000	71.6912
649.0000	71.5595
648.9000	71.425
648.8000	71.29
648.7000	71.156
648.6000	71.0228
648.5000	70.8897
648.4000	70.755
648.3000	70.6204
648.2000	70.4881
648.1000	70.3625
648.0000	70.2337
647.9000	70.1083
647.8000	69.9819
647.7000	69.8598
647.6000	69.7361
647.5000	69.6186
647.4000	69.503
647.3000	69.3914
647.2000	69.2825
647.1000	69.1759
647.0000	69.0748
646.9000	68.9762
646.8000	68.8798
646.7000	68.7866
646.6000	68.7007
646.5000	68.6225
646.4000	68.5507
646.3000	68.4765
646.2000	68.4065
646.1000	68.3461
646.0000	68.288
645.9000	68.2376
645.8000	68.1874
645.7000	68.1496
645.6000	68.1139
645.5000	68.0845
645.4000	68.0591
645.3000	68.0421
645.2000	68.0289
645.1000	68.0256
645.0000	68.0245
644.9000	68.0303
644.8000	68.0395
644.7000	68.0543
644.6000	68.0721
644.5000	68.1013
644.4000	68.1349
644.3000	68.1734
644.2000	68.2177
644.1000	68.2657
644.0000	68.3191
643.9000	68.3796
643.8000	68.4475
643.7000	68.5191
643.6000	68.5923
643.5000	68.6748
643.4000	68.7575
643.3000	68.8435
643.2000	68.9347
643.1000	69.0331
643.0000	69.1358
642.9000	69.2419
642.8000	69.3525
642.7000	69.4648
642.6000	69.58
642.5000	69.6962
642.4000	69.8162
642.3000	69.9391
642.2000	70.0658
642.1000	70.1931
642.0000	70.3214
641.9000	70.4503
641.8000	70.5804
641.7000	70.7107
641.6000	70.8448
641.5000	70.9801
641.4000	71.1166
641.3000	71.2488
641.2000	71.3823
641.1000	71.5164
641.0000	71.6504
640.9000	71.7815
640.8000	71.9138
640.7000	72.0449
640.6000	72.1671
640.5000	72.2899
640.4000	72.4112
640.3000	72.5283
640.2000	72.6435
640.1000	72.7581
640.0000	72.8657
639.9000	72.9724
639.8000	73.0736
639.7000	73.1679
639.6000	73.2597
639.5000	73.3477
639.4000	73.4348
639.3000	73.5138
639.2000	73.5888
639.1000	73.6614
639.0000	73.7219
638.9000	73.7809
638.8000	73.8321
638.7000	73.8779
638.6000	73.9212
638.5000	73.9597
638.4000	73.9888
638.3000	74.0125
638.2000	74.0294
638.1000	74.0417
638.0000	74.0449
637.9000	74.043
637.8000	74.0382
637.7000	74.0285
637.6000	74.0077
637.5000	73.9819
637.4000	73.951
637.3000	73.9156
637.2000	73.8756
637.1000	73.8303
637.0000	73.7794
636.9000	73.721
636.8000	73.6575
636.7000	73.5867
636.6000	73.5128
636.5000	73.437
636.4000	73.3529
636.3000	73.2656
636.2000	73.1735
636.1000	73.0807
636.0000	72.9806
635.9000	72.8759
635.8000	72.7707
635.7000	72.6597
635.6000	72.5485
635.5000	72.4374
635.4000	72.3189
635.3000	72.196
635.2000	72.0711
635.1000	71.9471
635.0000	71.8229
634.9000	71.6944
634.8000	71.5658
634.7000	71.4407
634.6000	71.3097
634.5000	71.1808
634.4000	71.0525
634.3000	70.924
634.2000	70.7961
634.1000	70.6703
634.0000	70.5449
633.9000	70.4207
633.8000	70.2964
633.7000	70.1744
633.6000	70.0541
633.5000	69.9388
633.4000	69.8232
633.3000	69.7104
633.2000	69.6029
633.1000	69.4997
633.0000	69.3963
632.9000	69.2976
632.8000	69.201
632.7000	69.1082
632.6000	69.0201
632.5000	68.9396
632.4000	68.8613
632.3000	68.7845
632.2000	68.7149
632.1000	68.6531
632.0000	68.5987
631.9000	68.545
631.8000	68.4946
631.7000	68.4553
631.6000	68.4196
631.5000	68.3863
631.4000	68.3601
631.3000	68.3383
631.2000	68.3244
631.1000	68.3171
631.0000	68.314
630.9000	68.3142
630.8000	68.3209
630.7000	68.3354
630.6000	68.3533
630.5000	68.3766
630.4000	68.4083
630.3000	68.4429
630.2000	68.4873
630.1000	68.5336
630.0000	68.5848
629.9000	68.6377
629.8000	68.7001
629.7000	68.7664
629.6000	68.84
629.5000	68.9168
629.4000	68.9974
629.3000	69.0803
629.2000	69.1686
629.1000	69.2622
629.0000	69.3605
628.9000	69.4588
628.8000	69.5599
628.7000	69.6651
628.6000	69.7784
628.5000	69.8897
628.4000	70.0047
628.3000	70.1197
628.2000	70.2366
628.1000	70.3561
628.0000	70.4757
627.9000	70.5939
627.8000	70.7174
627.7000	70.8412
627.6000	70.9639
627.5000	71.0832
627.4000	71.2083
627.3000	71.3313
627.2000	71.4533
627.1000	71.5751
627.0000	71.693
626.9000	71.8102
626.8000	71.9259
626.7000	72.0406
626.6000	72.1526
626.5000	72.2622
626.4000	72.3676
626.3000	72.4697
626.2000	72.57
626.1000	72.6653
626.0000	72.7582
625.9000	72.847
625.8000	72.9298
625.7000	73.0096
625.6000	73.0852
625.5000	73.1543
625.4000	73.2157
625.3000	73.2741
625.2000	73.3274
625.1000	73.3774
625.0000	73.4235
624.9000	73.4594
624.8000	73.4908
624.7000	73.5173
624.6000	73.5389
624.5000	73.5531
624.4000	73.5615
624.3000	73.5646
624.2000	73.5587
624.1000	73.5499
624.0000	73.5342
623.9000	73.5131
623.8000	73.4863
623.7000	73.4562
623.6000	73.4181
623.5000	73.3727
623.4000	73.3214
623.3000	73.2632
623.2000	73.2002
623.1000	73.1339
623.0000	73.0643
622.9000	72.9874
622.8000	72.9078
622.7000	72.8224
622.6000	72.7306
622.5000	72.6336
622.4000	72.5353
622.3000	72.435
622.2000	72.3284
622.1000	72.2222
622.0000	72.1131
621.9000	71.9972
621.8000	71.8786
621.7000	71.7593
621.6000	71.638
621.5000	71.5165
621.4000	71.3893
621.3000	71.2625
621.2000	71.1366
621.1000	71.0107
621.0000	70.8847
620.9000	70.7557
620.8000	70.6269
620.7000	70.4996
620.6000	70.3733
620.5000	70.2455
620.4000	70.1214
620.3000	69.9988
620.2000	69.878
620.1000	69.7603
620.0000	69.6471
619.9000	69.5349
619.8000	69.4218
619.7000	69.3169
619.6000	69.2128
619.5000	69.1107
619.4000	69.0145
619.3000	68.9233
619.2000	68.8328
619.1000	68.7483
619.0000	68.6697
618.9000	68.5931
618.8000	68.519
618.7000	68.4549
618.6000	68.3942
618.5000	68.3395
618.4000	68.2885
618.3000	68.2463
618.2000	68.2098
618.1000	68.1812
618.0000	68.1553
617.9000	68.1333
617.8000	68.119
617.7000	68.112
617.6000	68.1078
617.5000	68.1103
617.4000	68.1173
617.3000	68.1322
617.2000	68.1508
617.1000	68.178
617.0000	68.2095
616.9000	68.2469
616.8000	68.2877
616.7000	68.3355
616.6000	68.3875
616.5000	68.4446
616.4000	68.5059
616.3000	68.5766
616.2000	68.6521
616.1000	68.7304
616.0000	68.8131
615.9000	68.8981
615.8000	68.9892
615.7000	69.0859
615.6000	69.1873
615.5000	69.2877
615.4000	69.3932
615.3000	69.5034
615.2000	69.6172
615.1000	69.73
615.0000	69.8451
614.9000	69.9632
614.8000	70.0815
614.7000	70.204
614.6000	70.3246
614.5000	70.4464
614.4000	70.5698
614.3000	70.6939
614.2000	70.8178
614.1000	70.9412
614.0000	71.0638
613.9000	71.1823
613.8000	71.3007
613.7000	71.4189
613.6000	71.5327
613.5000	71.6479
613.4000	71.7634
613.3000	71.8721
613.2000	71.9765
613.1000	72.0761
613.0000	72.1734
612.9000	72.2705
612.8000	72.3614
612.7000	72.4502
612.6000	72.5311
612.5000	72.6057
612.4000	72.674
612.3000	72.742
612.2000	72.8005
612.1000	72.8535
612.0000	72.8996
611.9000	72.9432
611.8000	72.9805
611.7000	73.0068
611.6000	73.0285
611.5000	73.0461
611.4000	73.0555
611.3000	73.0586
611.2000	73.0587
611.1000	73.0536
611.0000	73.0376
610.9000	73.0185
610.8000	72.9909
610.7000	72.9612
610.6000	72.9243
610.5000	72.8809
610.4000	72.8342
610.3000	72.7766
610.2000	72.7113
610.1000	72.643
610.0000	72.5716
609.9000	72.4985
609.8000	72.4126
609.7000	72.325
609.6000	72.2319
609.5000	72.1369
609.4000	72.036
609.3000	71.9319
609.2000	71.8251
609.1000	71.7161
609.0000	71.6031
608.9000	71.4907
608.8000	71.3699
608.7000	71.2502
608.6000	71.1258
608.5000	71.0048
608.4000	70.8806
608.3000	70.7558
608.2000	70.6292
608.1000	70.5042
608.0000	70.3749
607.9000	70.2468
607.8000	70.1196
607.7000	69.9938
607.6000	69.8684
607.5000	69.7459
607.4000	69.6214
607.3000	69.5013
607.2000	69.3806
607.1000	69.267
607.0000	69.1531
606.9000	69.0476
606.8000	68.9404
606.7000	68.8335
606.6000	68.7346
606.5000	68.6412
606.4000	68.5484
606.3000	68.4643
606.2000	68.3827
606.1000	68.3106
606.0000	68.2383
605.9000	68.1713
605.8000	68.1104
605.7000	68.0563
605.6000	68.0097
605.5000	67.9672
605.4000	67.9284
605.3000	67.8992
605.2000	67.8737
605.1000	67.8579
605.0000	67.8454
604.9000	67.8431
604.8000	67.8407
604.7000	67.8474
604.6000	67.8596
604.5000	67.8804
604.4000	67.9057
604.3000	67.937
604.2000	67.9729
604.1000	68.0191
604.0000	68.0678
603.9000	68.1235
603.8000	68.184
603.7000	68.2493
603.6000	68.3193
603.5000	68.3998
603.4000	68.4806
603.3000	68.5664
603.2000	68.6599
603.1000	68.7524
603.0000	68.851
602.9000	68.954
602.8000	69.0584
602.7000	69.1718
602.6000	69.2856
602.5000	69.399
602.4000	69.5149
602.3000	69.6349
602.2000	69.7545
602.1000	69.877
602.0000	69.9983
601.9000	70.1235
601.8000	70.2469
601.7000	70.3703
601.6000	70.4963
601.5000	70.6206
601.4000	70.7402
601.3000	70.8639
601.2000	70.982
601.1000	71.1031
601.0000	71.2193
600.9000	71.3327
600.8000	71.4427
600.7000	71.5515
600.6000	71.6538
600.5000	71.7559
600.4000	71.8521
600.3000	71.945
600.2000	72.0337
600.1000	72.1191
600.0000	72.0187
599.9000	72.087
599.8000	72.1475
599.7000	72.2007
599.6000	72.2494
599.5000	72.2924
599.4000	72.3306
599.3000	72.3642
599.2000	72.3918
599.1000	72.407
599.0000	72.4196
598.9000	72.4246
598.8000	72.4173
598.7000	72.4078
598.6000	72.3878
598.5000	72.367
598.4000	72.3378
598.3000	72.2993
598.2000	72.2521
598.1000	72.2014
598.0000	72.1474
597.9000	72.0878
597.8000	72.0187
597.7000	71.9458
597.6000	71.8659
597.5000	71.7809
597.4000	71.6898
597.3000	71.5892
597.2000	71.4859
597.1000	71.3784
597.0000	71.2671
596.9000	71.1546
596.8000	71.037
596.7000	70.9187
596.6000	70.7955
596.5000	70.669
596.4000	70.5407
596.3000	70.4097
596.2000	70.2752
596.1000	70.1388
596.0000	70.003
595.9000	69.8672
595.8000	69.7309
595.7000	69.5925
595.6000	69.4589
595.5000	69.3245
595.4000	69.1892
595.3000	69.0572
595.2000	68.9248
595.1000	68.7997
595.0000	68.6737
594.9000	68.5512
594.8000	68.4289
594.7000	68.3114
594.6000	68.198
594.5000	68.0877
594.4000	67.9837
594.3000	67.8856
594.2000	67.787
594.1000	67.6986
594.0000	67.6149
593.9000	67.5368
593.8000	67.4626
593.7000	67.3957
593.6000	67.3327
593.5000	67.2764
593.4000	67.228
593.3000	67.1867
593.2000	67.1515
593.1000	67.1225
593.0000	67.1038
592.9000	67.0912
592.8000	67.0835
592.7000	67.0825
592.6000	67.0855
592.5000	67.1018
592.4000	67.1203
592.3000	67.1481
592.2000	67.1805
592.1000	67.2189
592.0000	67.2649
591.9000	67.3148
591.8000	67.3736
591.7000	67.4358
591.6000	67.5043
591.5000	67.5787
591.4000	67.6598
591.3000	67.7446
591.2000	67.8348
591.1000	67.9271
591.0000	68.0274
590.9000	68.1294
590.8000	68.2341
590.7000	68.3445
590.6000	68.4588
590.5000	68.576
590.4000	68.6952
590.3000	68.8166
590.2000	68.937
590.1000	69.0615
590.0000	69.1848
589.9000	69.3102
589.8000	69.4319
589.7000	69.5549
589.6000	69.6757
589.5000	69.801
589.4000	69.922
589.3000	70.0402
589.2000	70.1606
589.1000	70.2751
589.0000	70.3885
588.9000	70.4999
588.8000	70.6071
588.7000	70.7096
588.6000	70.8071
588.5000	70.9031
588.4000	70.9921
588.3000	71.0772
588.2000	71.1539
588.1000	71.2298
588.0000	71.299
587.9000	71.3613
587.8000	71.415
587.7000	71.4666
587.6000	71.5104
587.5000	71.5485
587.4000	71.5788
587.3000	71.6004
587.2000	71.618
587.1000	71.6245
587.0000	71.6283
586.9000	71.6222
586.8000	71.6125
586.7000	71.5917
586.6000	71.5653
586.5000	71.5343
586.4000	71.4942
586.3000	71.4448
586.2000	71.3905
586.1000	71.3284
586.0000	71.2596
585.9000	71.1854
585.8000	71.1075
585.7000	71.0185
585.6000	70.9265
585.5000	70.8272
585.4000	70.7244
585.3000	70.6165
585.2000	70.5077
585.1000	70.3895
585.0000	70.2742
584.9000	70.148
584.8000	70.0219
584.7000	69.8902
584.6000	69.7626
584.5000	69.6271
584.4000	69.492
584.3000	69.3516
584.2000	69.2131
584.1000	69.0718
584.0000	68.9305
583.9000	68.7905
583.8000	68.6505
583.7000	68.5117
583.6000	68.3739
583.5000	68.2363
583.4000	68.1024
583.3000	67.9685
583.2000	67.8426
583.1000	67.7155
583.0000	67.5953
582.9000	67.4774
582.8000	67.3646
582.7000	67.2543
582.6000	67.1509
582.5000	67.0512
582.4000	66.9592
582.3000	66.8734
582.2000	66.7949
582.1000	66.7172
582.0000	66.6472
581.9000	66.585
581.8000	66.5271
581.7000	66.4767
581.6000	66.4337
581.5000	66.3996
581.4000	66.3681
581.3000	66.3473
581.2000	66.3344
581.1000	66.3283
581.0000	66.3297
580.9000	66.3385
580.8000	66.3545
580.7000	66.3787
580.6000	66.4101
580.5000	66.4502
580.4000	66.4934
580.3000	66.5459
580.2000	66.6039
580.1000	66.6669
580.0000	66.7373
579.9000	66.8157
579.8000	66.8988
579.7000	66.9886
579.6000	67.0841
579.5000	67.1833
579.4000	67.2853
579.3000	67.3959
579.2000	67.5054
579.1000	67.6195
579.0000	67.7365
578.9000	67.8584
578.8000	67.9824
578.7000	68.1101
578.6000	68.2384
578.5000	68.3673
578.4000	68.4975
578.3000	68.628
578.2000	68.7613
578.1000	68.8904
578.0000	69.0207
577.9000	69.1483
577.8000	69.2778
577.7000	69.4016
577.6000	69.5258
577.5000	69.6456
577.4000	69.7596
577.3000	69.8711
577.2000	69.9798
577.1000	70.0859
577.0000	70.1892
576.9000	70.2872
576.8000	70.376
576.7000	70.4603
576.6000	70.5388
576.5000	70.6116
576.4000	70.6742
576.3000	70.7361
576.2000	70.7903
576.1000	70.8366
576.0000	70.8773
575.9000	70.9115
575.8000	70.9373
575.7000	70.956
575.6000	70.9665
575.5000	70.9666
575.4000	70.9616
575.3000	70.9513
575.2000	70.9311
575.1000	70.9035
575.0000	70.8705
574.9000	70.8266
574.8000	70.7759
574.7000	70.7188
574.6000	70.6495
574.5000	70.5791
574.4000	70.5003
574.3000	70.4126
574.2000	70.3227
574.1000	70.2242
574.0000	70.1213
573.9000	70.0118
573.8000	69.8955
573.7000	69.7739
573.6000	69.6518
573.5000	69.5246
573.4000	69.3973
573.3000	69.2608
573.2000	69.1268
573.1000	68.9806
573.0000	68.8363
572.9000	68.6923
572.8000	68.5483
572.7000	68.4038
572.6000	68.2578
572.5000	68.1091
572.4000	67.9619
572.3000	67.8171
572.2000	67.6733
572.1000	67.5314
572.0000	67.3918
571.9000	67.254
571.8000	67.1162
571.7000	66.987
571.6000	66.8591
571.5000	66.7372
571.4000	66.6208
571.3000	66.5078
571.2000	66.4009
571.1000	66.3006
571.0000	66.2051
570.9000	66.1164
570.8000	66.035
570.7000	65.9599
570.6000	65.8909
570.5000	65.8338
570.4000	65.7797
570.3000	65.7347
570.2000	65.6929
570.1000	65.6649
570.0000	65.6417
569.9000	65.6311
569.8000	65.6247
569.7000	65.6241
569.6000	65.6341
569.5000	65.649
569.4000	65.6708
569.3000	65.705
569.2000	65.7464
569.1000	65.7946
569.0000	65.8498
568.9000	65.9106
568.8000	65.9784
568.7000	66.0546
568.6000	66.1369
568.5000	66.2252
568.4000	66.3194
568.3000	66.4207
568.2000	66.5288
568.1000	66.6385
568.0000	66.7527
567.9000	66.8709
567.8000	66.9922
567.7000	67.116
567.6000	67.245
567.5000	67.3764
567.4000	67.5091
567.3000	67.639
567.2000	67.7754
567.1000	67.9118
567.0000	68.0482
566.9000	68.1805
566.8000	68.3096
566.7000	68.4417
566.6000	68.5736
566.5000	68.7022
566.4000	68.8254
566.3000	68.9462
566.2000	69.0658
566.1000	69.1792
566.0000	69.2868
565.9000	69.3913
565.8000	69.4883
565.7000	69.5822
565.6000	69.6725
565.5000	69.7528
565.4000	69.8286
565.3000	69.8979
565.2000	69.9592
565.1000	70.0105
565.0000	70.0558
564.9000	70.0937
564.8000	70.1222
564.7000	70.1451
564.6000	70.1592
564.5000	70.1668
564.4000	70.1612
564.3000	70.1485
564.2000	70.1311
564.1000	70.1046
564.0000	70.0687
563.9000	70.0235
563.8000	69.9723
563.7000	69.9127
563.6000	69.85
563.5000	69.7746
563.4000	69.6925
563.3000	69.603
563.2000	69.508
563.1000	69.4077
563.0000	69.3032
562.9000	69.1893
562.8000	69.0746
562.7000	68.9512
562.6000	68.8269
562.5000	68.6973
562.4000	68.5648
562.3000	68.4266
562.2000	68.2863
562.1000	68.1417
562.0000	67.9999
561.9000	67.8531
561.8000	67.7064
561.7000	67.5586
561.6000	67.4138
561.5000	67.2677
561.4000	67.1244
561.3000	66.9772
561.2000	66.8373
561.1000	66.6976
561.0000	66.5621
560.9000	66.4302
560.8000	66.302
560.7000	66.1756
560.6000	66.057
560.5000	65.9445
560.4000	65.8372
560.3000	65.7373
560.2000	65.6426
560.1000	65.5521
560.0000	65.4743
559.9000	65.3993
559.8000	65.3303
559.7000	65.2704
559.6000	65.2161
559.5000	65.1709
559.4000	65.1331
559.3000	65.1017
559.2000	65.0812
559.1000	65.0696
559.0000	65.0674
558.9000	65.0737
558.8000	65.0849
558.7000	65.1076
558.6000	65.1387
558.5000	65.1767
558.4000	65.2242
558.3000	65.2784
558.2000	65.3403
558.1000	65.4109
558.0000	65.4878
557.9000	65.5724
557.8000	65.6626
557.7000	65.7573
557.6000	65.8608
557.5000	65.9708
557.4000	66.0862
557.3000	66.2038
557.2000	66.326
557.1000	66.4518
557.0000	66.5807
556.9000	66.7135
556.8000	66.8464
556.7000	66.9831
556.6000	67.1217
556.5000	67.2605
556.4000	67.4015
556.3000	67.5424
556.2000	67.6802
556.1000	67.8192
556.0000	67.9503
555.9000	68.0835
555.8000	68.2135
555.7000	68.3394
555.6000	68.4645
555.5000	68.5834
555.4000	68.6959
555.3000	68.8066
555.2000	68.9101
555.1000	69.0073
555.0000	69.0973
554.9000	69.1802
554.8000	69.2565
554.7000	69.3274
554.6000	69.3872
554.5000	69.4437
554.4000	69.4877
554.3000	69.5239
554.2000	69.5488
554.1000	69.5683
554.0000	69.5784
553.9000	69.5779
553.8000	69.5692
553.7000	69.5539
553.6000	69.5243
553.5000	69.4896
553.4000	69.4467
553.3000	69.3955
553.2000	69.3337
553.1000	69.2638
553.0000	69.1883
552.9000	69.1049
552.8000	69.016
552.7000	68.9199
552.6000	68.8156
552.5000	68.7085
552.4000	68.5892
552.3000	68.4689
552.2000	68.3416
552.1000	68.21
552.0000	68.0711
551.9000	67.9315
551.8000	67.7883
551.7000	67.6467
551.6000	67.4989
551.5000	67.3499
551.4000	67.2002
551.3000	67.0498
551.2000	66.899
551.1000	66.7502
551.0000	66.6023
550.9000	66.4564
550.8000	66.3121
550.7000	66.1737
550.6000	66.035
550.5000	65.9047
550.4000	65.7781
550.3000	65.6566
550.2000	65.5371
550.1000	65.4278
550.0000	65.3227
549.9000	65.2264
549.8000	65.1347
549.7000	65.0508
549.6000	64.9721
549.5000	64.9022
549.4000	64.8389
549.3000	64.7844
549.2000	64.741
549.1000	64.7055
549.0000	64.6777
548.9000	64.659
548.8000	64.6518
548.7000	64.6538
548.6000	64.6646
548.5000	64.6818
548.4000	64.7101
548.3000	64.7457
548.2000	64.794
548.1000	64.847
548.0000	64.907
547.9000	64.9757
547.8000	65.054
547.7000	65.1408
547.6000	65.2296
547.5000	65.3262
547.4000	65.4325
547.3000	65.5407
547.2000	65.6575
547.1000	65.7753
547.0000	65.9006
546.9000	66.0264
546.8000	66.159
546.7000	66.2931
546.6000	66.4304
546.5000	66.5693
546.4000	66.7092
546.3000	66.851
546.2000	66.992
546.1000	67.1344
546.0000	67.2736
545.9000	67.41
545.8000	67.5468
545.7000	67.6802
545.6000	67.8099
545.5000	67.9346
545.4000	68.0538
545.3000	68.1704
545.2000	68.282
545.1000	68.3858
545.0000	68.4802
544.9000	68.5723
544.8000	68.6577
544.7000	68.7384
544.6000	68.8095
544.5000	68.8702
544.4000	68.9271
544.3000	68.9709
544.2000	69.006
544.1000	69.0334
544.0000	69.0509
543.9000	69.062
543.8000	69.0663
543.7000	69.059
543.6000	69.0421
543.5000	69.0153
543.4000	68.9831
543.3000	68.9413
543.2000	68.8915
543.1000	68.8313
543.0000	68.7664
542.9000	68.6896
542.8000	68.6085
542.7000	68.5171
542.6000	68.4211
542.5000	68.3171
542.4000	68.2072
542.3000	68.0911
542.2000	67.9728
542.1000	67.8474
542.0000	67.7214
541.9000	67.5893
541.8000	67.4583
541.7000	67.319
541.6000	67.1842
541.5000	67.0439
541.4000	66.9024
541.3000	66.7603
541.2000	66.6195
541.1000	66.481
541.0000	66.348
540.9000	66.2108
540.8000	66.0814
540.7000	65.9516
540.6000	65.8271
540.5000	65.7065
540.4000	65.5916
540.3000	65.4815
540.2000	65.3776
540.1000	65.2764
540.0000	65.1846
539.9000	65.0997
539.8000	65.022
539.7000	64.9492
539.6000	64.8869
539.5000	64.8338
539.4000	64.7884
539.3000	64.7526
539.2000	64.7265
539.1000	64.707
539.0000	64.7009
538.9000	64.7023
538.8000	64.7122
538.7000	64.7285
538.6000	64.7535
538.5000	64.7899
538.4000	64.8333
538.3000	64.8835
538.2000	64.9434
538.1000	65.0134
538.0000	65.0913
537.9000	65.1783
537.8000	65.2681
537.7000	65.3667
537.6000	65.472
537.5000	65.5822
537.4000	65.696
537.3000	65.8149
537.2000	65.9412
537.1000	66.0691
537.0000	66.1986
536.9000	66.3333
536.8000	66.4694
536.7000	66.6066
536.6000	66.7463
536.5000	66.8884
536.4000	67.0305
536.3000	67.1706
536.2000	67.3076
536.1000	67.4421
536.0000	67.576
535.9000	67.7073
535.8000	67.8311
535.7000	67.9531
535.6000	68.0677
535.5000	68.1827
535.4000	68.2899
535.3000	68.3927
535.2000	68.4877
535.1000	68.5772
535.0000	68.6602
534.9000	68.7312
534.8000	68.7953
534.7000	68.8506
534.6000	68.8978
534.5000	68.9401
534.4000	68.9679
534.3000	68.991
534.2000	69.0021
534.1000	69.0069
534.0000	68.9989
533.9000	68.9854
533.8000	68.9659
533.7000	68.9362
533.6000	68.898
533.5000	68.8505
533.4000	68.7922
533.3000	68.7257
533.2000	68.6517
533.1000	68.572
533.0000	68.4845
532.9000	68.394
532.8000	68.2968
532.7000	68.1929
532.6000	68.0798
532.5000	67.9635
532.4000	67.8439
532.3000	67.7222
532.2000	67.597
532.1000	67.4684
532.0000	67.336
531.9000	67.2026
531.8000	67.0687
531.7000	66.9384
531.6000	66.8056
531.5000	66.6746
531.4000	66.5443
531.3000	66.4173
531.2000	66.2924
531.1000	66.1682
531.0000	66.0506
530.9000	65.937
530.8000	65.8274
530.7000	65.7249
530.6000	65.6233
530.5000	65.5287
530.4000	65.442
530.3000	65.3648
530.2000	65.2921
530.1000	65.2324
530.0000	65.1763
529.9000	65.1295
529.8000	65.0935
529.7000	65.0632
529.6000	65.0422
529.5000	65.0297
529.4000	65.0289
529.3000	65.0363
529.2000	65.0523
529.1000	65.0751
529.0000	65.106
528.9000	65.1458
528.8000	65.1939
528.7000	65.2544
528.6000	65.3187
528.5000	65.3911
528.4000	65.4695
528.3000	65.5565
528.2000	65.6514
528.1000	65.7513
528.0000	65.8575
527.9000	65.972
527.8000	66.0887
527.7000	66.21
527.6000	66.3343
527.5000	66.465
527.4000	66.5959
527.3000	66.7308
527.2000	66.8639
527.1000	66.998
527.0000	67.1341
526.9000	67.2656
526.8000	67.4005
526.7000	67.5299
526.6000	67.6587
526.5000	67.7859
526.4000	67.9085
526.3000	68.0294
526.2000	68.145
526.1000	68.2543
526.0000	68.3585
525.9000	68.4568
525.8000	68.5493
525.7000	68.6353
525.6000	68.7156
525.5000	68.7849
525.4000	68.8503
525.3000	68.9072
525.2000	68.9585
525.1000	68.9995
525.0000	69.0299
524.9000	69.053
524.8000	69.0671
524.7000	69.0739
524.6000	69.0688
524.5000	69.0567
524.4000	69.0385
524.3000	69.0044
524.2000	68.9674
524.1000	68.9212
524.0000	68.8678
523.9000	68.8043
523.8000	68.7365
523.7000	68.6603
523.6000	68.5797
523.5000	68.4916
523.4000	68.3987
523.3000	68.2995
523.2000	68.195
523.1000	68.086
523.0000	67.976
522.9000	67.8635
522.8000	67.7506
522.7000	67.6332
522.6000	67.517
522.5000	67.3985
522.4000	67.2809
522.3000	67.1632
522.2000	67.0466
522.1000	66.9297
522.0000	66.8176
521.9000	66.7071
521.8000	66.6044
521.7000	66.5
521.6000	66.4044
521.5000	66.3077
521.4000	66.2259
521.3000	66.1454
521.2000	66.073
521.1000	66.007
521.0000	65.9503
520.9000	65.9006
520.8000	65.8617
520.7000	65.8262
520.6000	65.804
520.5000	65.7865
520.4000	65.7773
520.3000	65.7799
520.2000	65.7891
520.1000	65.8069
520.0000	65.6688
519.9000	65.7043
519.8000	65.7506
519.7000	65.8031
519.6000	65.8652
519.5000	65.9346
519.4000	66.01
519.3000	66.0964
519.2000	66.191
519.1000	66.2911
519.0000	66.3934
518.9000	66.5001
518.8000	66.6122
518.7000	66.7286
518.6000	66.8497
518.5000	66.9766
518.4000	67.1029
518.3000	67.2306
518.2000	67.3598
518.1000	67.4887
518.0000	67.6198
517.9000	67.75
517.8000	67.8805
517.7000	68.0085
517.6000	68.1342
517.5000	68.2562
517.4000	68.3736
517.3000	68.4893
517.2000	68.5985
517.1000	68.7054
517.0000	68.8054
516.9000	68.8987
516.8000	68.9909
516.7000	69.0736
516.6000	69.15
516.5000	69.2165
516.4000	69.2795
516.3000	69.3311
516.2000	69.3794
516.1000	69.4109
516.0000	69.437
515.9000	69.4525
515.8000	69.4662
515.7000	69.4691
515.6000	69.4651
515.5000	69.4505
515.4000	69.4276
515.3000	69.3949
515.2000	69.3591
515.1000	69.3149
515.0000	69.2646
514.9000	69.207
514.8000	69.1421
514.7000	69.0706
514.6000	68.9909
514.5000	68.9104
514.4000	68.8243
514.3000	68.734
514.2000	68.6425
514.1000	68.5463
514.0000	68.4462
513.9000	68.3454
513.8000	68.2445
513.7000	68.1411
513.6000	68.0357
513.5000	67.9316
513.4000	67.828
513.3000	67.727
513.2000	67.6242
513.1000	67.5272
513.0000	67.4315
512.9000	67.3455
512.8000	67.2616
512.7000	67.1837
512.6000	67.1063
512.5000	67.0373
512.4000	66.973
512.3000	66.9176
512.2000	66.869
512.1000	66.8269
512.0000	66.7938
511.9000	66.7644
511.8000	66.7462
511.7000	66.7352
511.6000	66.7349
511.5000	66.7419
511.4000	66.7581
511.3000	66.7799
511.2000	66.8093
511.1000	66.85
511.0000	66.8939
510.9000	66.9501
510.8000	67.0148
510.7000	67.0833
510.6000	67.1587
510.5000	67.2424
510.4000	67.3309
510.3000	67.4246
510.2000	67.5258
510.1000	67.6299
510.0000	67.7412
509.9000	67.8557
509.8000	67.9724
509.7000	68.0919
509.6000	68.2113
509.5000	68.3327
509.4000	68.4559
509.3000	68.5787
509.2000	68.7057
509.1000	68.8237
509.0000	68.9427
508.9000	69.0589
508.8000	69.1734
508.7000	69.288
508.6000	69.3952
508.5000	69.4981
508.4000	69.5957
508.3000	69.6851
508.2000	69.7691
508.1000	69.8469
508.0000	69.9229
507.9000	69.9843
507.8000	70.0425
507.7000	70.0925
507.6000	70.1341
507.5000	70.168
507.4000	70.1967
507.3000	70.2158
507.2000	70.2283
507.1000	70.2309
507.0000	70.2267
506.9000	70.2165
506.8000	70.1959
506.7000	70.1673
506.6000	70.1341
506.5000	70.0925
506.4000	70.0432
506.3000	69.9889
506.2000	69.9309
506.1000	69.8672
506.0000	69.798
505.9000	69.7278
505.8000	69.6511
505.7000	69.5719
505.6000	69.4869
505.5000	69.3984
505.4000	69.3103
505.3000	69.2248
505.2000	69.1351
505.1000	69.0468
505.0000	68.9616
504.9000	68.8795
504.8000	68.7964
504.7000	68.7151
504.6000	68.6396
504.5000	68.5653
504.4000	68.4964
504.3000	68.4332
504.2000	68.3704
504.1000	68.3118
504.0000	68.2621
503.9000	68.2186
503.8000	68.1823
503.7000	68.1519
503.6000	68.1317
503.5000	68.1134
503.4000	68.106
503.3000	68.1044
503.2000	68.116
503.1000	68.1308
503.0000	68.1559
502.9000	68.1853
502.8000	68.2206
502.7000	68.2645
502.6000	68.3137
502.5000	68.3698
502.4000	68.433
502.3000	68.5049
502.2000	68.5816
502.1000	68.6609
502.0000	68.749
501.9000	68.8407
501.8000	68.9383
501.7000	69.0331
501.6000	69.1365
501.5000	69.2436
501.4000	69.3504
501.3000	69.4573
501.2000	69.565
501.1000	69.6746
501.0000	69.7833
500.9000	69.89
500.8000	69.9949
500.7000	70.1004
500.6000	70.2016
500.5000	70.2998
500.4000	70.3939
500.3000	70.4867
500.2000	70.5719
500.1000	70.6511
500.0000	70.7265
499.9000	70.798
499.8000	70.8591
499.7000	70.9157
499.6000	70.9668
499.5000	71.0113
499.4000	71.0486
499.3000	71.0818
499.2000	71.1067
499.1000	71.1222
499.0000	71.1323
498.9000	71.1345
498.8000	71.1315
498.7000	71.1191
498.6000	71.0971
498.5000	71.0739
498.4000	71.0421
498.3000	71.0043
498.2000	70.9611
498.1000	70.9138
498.0000	70.8618
497.9000	70.8043
497.8000	70.7429
497.7000	70.6832
497.6000	70.6179
497.5000	70.5482
497.4000	70.4778
497.3000	70.407
497.2000	70.3357
497.1000	70.2659
497.0000	70.1964
496.9000	70.1266
496.8000	70.0534
496.7000	69.9826
496.6000	69.9222
496.5000	69.8594
496.4000	69.8026
496.3000	69.7476
496.2000	69.701
496.1000	69.655
496.0000	69.6132
495.9000	69.582
495.8000	69.5528
495.7000	69.5288
495.6000	69.5098
495.5000	69.4971
495.4000	69.4933
495.3000	69.4948
495.2000	69.5036
495.1000	69.5177
495.0000	69.5387
494.9000	69.5664
494.8000	69.6017
494.7000	69.6396
494.6000	69.687
494.5000	69.7412
494.4000	69.8003
494.3000	69.8655
494.2000	69.934
494.1000	70.003
494.0000	70.0775
493.9000	70.1571
493.8000	70.2373
493.7000	70.3232
493.6000	70.414
493.5000	70.5044
493.4000	70.5926
493.3000	70.6845
493.2000	70.7746
493.1000	70.8656
493.0000	70.9573
492.9000	71.0464
492.8000	71.1358
492.7000	71.2146
492.6000	71.2979
492.5000	71.3752
492.4000	71.4496
492.3000	71.5258
492.2000	71.5922
492.1000	71.6524
492.0000	71.7082
491.9000	71.7631
491.8000	71.8094
491.7000	71.8503
491.6000	71.8826
491.5000	71.9149
491.4000	71.9375
491.3000	71.9491
491.2000	71.9576
491.1000	71.9604
491.0000	71.9599
490.9000	71.954
490.8000	71.9424
490.7000	71.9204
490.6000	71.8983
490.5000	71.8707
490.4000	71.838
490.3000	71.8013
490.2000	71.7592
490.1000	71.7154
490.0000	71.6681
489.9000	71.6172
489.8000	71.5617
489.7000	71.5059
489.6000	71.4498
489.5000	71.3972
489.4000	71.338
489.3000	71.2828
489.2000	71.2292
489.1000	71.1718
489.0000	71.1205
488.9000	71.071
488.8000	71.0225
488.7000	70.9724
488.6000	70.9308
488.5000	70.8921
488.4000	70.8593
488.3000	70.8248
488.2000	70.7979
488.1000	70.7798
488.0000	70.7623
487.9000	70.7529
487.8000	70.7448
487.7000	70.7434
487.6000	70.7489
487.5000	70.7584
487.4000	70.7729
487.3000	70.7913
487.2000	70.8169
487.1000	70.8449
487.0000	70.8826
486.9000	70.9208
486.8000	70.9649
486.7000	71.0132
486.6000	71.0644
486.5000	71.1208
486.4000	71.1812
486.3000	71.2423
486.2000	71.305
486.1000	71.3722
486.0000	71.4428
485.9000	71.5103
485.8000	71.5794
485.7000	71.6492
485.6000	71.7191
485.5000	71.7919
485.4000	71.8634
485.3000	71.9302
485.2000	71.9949
485.1000	72.0615
485.0000	72.1236
484.9000	72.179
484.8000	72.2384
484.7000	72.2897
484.6000	72.3365
484.5000	72.3793
484.4000	72.4171
484.3000	72.4557
484.2000	72.4845
484.1000	72.512
484.0000	72.533
483.9000	72.552
483.8000	72.5608
483.7000	72.5659
483.6000	72.5687
483.5000	72.5676
483.4000	72.5639
483.3000	72.5533
483.2000	72.5343
483.1000	72.5139
483.0000	72.493
482.9000	72.4642
482.8000	72.4296
482.7000	72.3977
482.6000	72.3619
482.5000	72.3241
482.4000	72.283
482.3000	72.2403
482.2000	72.1969
482.1000	72.1538
482.0000	72.1117
481.9000	72.0667
481.8000	72.0262
481.7000	71.9843
481.6000	71.9417
481.5000	71.9024
481.4000	71.8642
481.3000	71.8306
481.2000	71.7987
481.1000	71.7673
481.0000	71.743
480.9000	71.7198
480.8000	71.6987
480.7000	71.6815
480.6000	71.6681
480.5000	71.6642
480.4000	71.6595
480.3000	71.6596
480.2000	71.6614
480.1000	71.6714
480.0000	71.6831
479.9000	71.6991
479.8000	71.7185
479.7000	71.7421
479.6000	71.7696
479.5000	71.8003
479.4000	71.8333
479.3000	71.8698
479.2000	71.91
479.1000	71.9519
479.0000	71.9934
478.9000	72.0415
478.8000	72.0882
478.7000	72.1377
478.6000	72.1857
478.5000	72.2349
478.4000	72.2864
478.3000	72.3356
478.2000	72.3869
478.1000	72.4365
478.0000	72.4834
477.9000	72.5299
477.8000	72.5742
477.7000	72.6176
477.6000	72.6575
477.5000	72.6946
477.4000	72.7316
477.3000	72.7624
477.2000	72.7884
477.1000	72.8128
477.0000	72.8337
476.9000	72.8503
476.8000	72.8663
476.7000	72.8765
476.6000	72.8837
476.5000	72.8912
476.4000	72.8895
476.3000	72.8849
476.2000	72.8798
476.1000	72.872
476.0000	72.86
475.9000	72.8426
475.8000	72.826
475.7000	72.8044
475.6000	72.7804
475.5000	72.7553
475.4000	72.73
475.3000	72.7041
475.2000	72.6718
475.1000	72.64
475.0000	72.6085
474.9000	72.576
474.8000	72.5452
474.7000	72.5143
474.6000	72.4824
474.5000	72.4505
474.4000	72.4223
474.3000	72.3964
474.2000	72.3687
474.1000	72.3469
474.0000	72.3265
473.9000	72.3078
473.8000	72.2894
473.7000	72.273
473.6000	72.2642
473.5000	72.2575
473.4000	72.2538
473.3000	72.2498
473.2000	72.2521
473.1000	72.2586
473.0000	72.2651
472.9000	72.271
472.8000	72.2831
472.7000	72.2998
472.6000	72.3169
472.5000	72.3341
472.4000	72.354
472.3000	72.3757
472.2000	72.3982
472.1000	72.4248
472.0000	72.455
471.9000	72.4868
471.8000	72.5185
471.7000	72.5492
471.6000	72.5779
471.5000	72.6088
471.4000	72.6408
471.3000	72.674
471.2000	72.7034
471.1000	72.7299
471.0000	72.7566
470.9000	72.7794
470.8000	72.8058
470.7000	72.8284
470.6000	72.8541
470.5000	72.8754
470.4000	72.8918
470.3000	72.9075
470.2000	72.9171
470.1000	72.9257
470.0000	72.9348
469.9000	72.9363
469.8000	72.9362
469.7000	72.934
469.6000	72.9309
469.5000	72.9241
469.4000	72.917
469.3000	72.9067
469.2000	72.8993
469.1000	72.8855
469.0000	72.8723
468.9000	72.8529
468.8000	72.8355
468.7000	72.813
468.6000	72.7954
468.5000	72.7741
468.4000	72.7547
468.3000	72.7309
468.2000	72.7082
468.1000	72.6815
468.0000	72.6604
467.9000	72.6398
467.8000	72.6221
467.7000	72.6026
467.6000	72.5847
467.5000	72.5668
467.4000	72.5472
467.3000	72.5285
467.2000	72.516
467.1000	72.4991
467.0000	72.489
466.9000	72.4782
466.8000	72.4737
466.7000	72.4668
466.6000	72.4677
466.5000	72.4686
466.4000	72.4736
466.3000	72.4759
466.2000	72.4816
466.1000	72.4876
466.0000	72.4949
465.9000	72.5018
465.8000	72.5162
465.7000	72.529
465.6000	72.5425
465.5000	72.5535
465.4000	72.5657
465.3000	72.579
465.2000	72.5954
465.1000	72.6111
465.0000	72.629
464.9000	72.6465
464.8000	72.6654
464.7000	72.6789
464.6000	72.6965
464.5000	72.708
464.4000	72.7211
464.3000	72.7309
464.2000	72.7444
464.1000	72.7533
464.0000	72.7628
463.9000	72.772
463.8000	72.7811
463.7000	72.7812
463.6000	72.7825
463.5000	72.781
463.4000	72.7821
463.3000	72.7775
463.2000	72.7738
463.1000	72.7654
463.0000	72.7597
462.9000	72.7488
462.8000	72.743
462.7000	72.7331
462.6000	72.7228
462.5000	72.7054
462.4000	72.693
462.3000	72.678
462.2000	72.665
462.1000	72.6478
462.0000	72.6348
461.9000	72.6167
461.8000	72.6056
461.7000	72.5853
461.6000	72.5713
461.5000	72.5534
461.4000	72.5394
461.3000	72.5229
461.2000	72.5133
461.1000	72.4962
461.0000	72.4885
460.9000	72.4752
460.8000	72.4667
460.7000	72.4545
460.6000	72.4485
460.5000	72.4419
460.4000	72.4416
460.3000	72.4374
460.2000	72.4365
460.1000	72.4333
460.0000	72.434
459.9000	72.4325
459.8000	72.4366
459.7000	72.4345
459.6000	72.4371
459.5000	72.437
459.4000	72.4412
459.3000	72.448
459.2000	72.457
459.1000	72.4607
459.0000	72.4686
458.9000	72.473
458.8000	72.4828
458.7000	72.486
458.6000	72.4922
458.5000	72.4954
458.4000	72.5026
458.3000	72.5034
458.2000	72.514
458.1000	72.5152
458.0000	72.5168
457.9000	72.5181
457.8000	72.5217
457.7000	72.5209
457.6000	72.5206
457.5000	72.5165
457.4000	72.5159
457.3000	72.5092
457.2000	72.5056
457.1000	72.4981
457.0000	72.4897
456.9000	72.4839
456.8000	72.4774
456.7000	72.4653
456.6000	72.4568
456.5000	72.447
456.4000	72.4381
456.3000	72.4275
456.2000	72.4186
456.1000	72.4017
456.0000	72.3936
455.9000	72.3827
455.8000	72.3727
455.7000	72.356
455.6000	72.345
455.5000	72.3318
455.4000	72.3216
455.3000	72.3112
455.2000	72.3013
455.1000	72.2918
455.0000	72.2808
454.9000	72.2717
454.8000	72.2686
454.7000	72.2602
454.6000	72.254
454.5000	72.2441
454.4000	72.2425
454.3000	72.2346
454.2000	72.2315
454.1000	72.2251
454.0000	72.2228
453.9000	72.2182
453.8000	72.2208
453.7000	72.2084
453.6000	72.2053
453.5000	72.2025
453.4000	72.206
453.3000	72.2017
453.2000	72.2049
453.1000	72.1989
453.0000	72.1982
452.9000	72.1944
452.8000	72.1894
452.7000	72.1819
452.6000	72.1816
452.5000	72.1755
452.4000	72.1688
452.3000	72.1635
452.2000	72.1581
452.1000	72.1473
452.0000	72.1419
451.9000	72.1322
451.8000	72.1234
451.7000	72.1104
451.6000	72.1009
451.5000	72.0886
451.4000	72.0768
451.3000	72.0643
451.2000	72.0511
451.1000	72.038
451.0000	72.0241
450.9000	72.012
450.8000	71.9987
450.7000	71.9841
450.6000	71.9682
450.5000	71.9589
450.4000	71.947
450.3000	71.9299
450.2000	71.9096
450.1000	71.8957
450.0000	71.8787
449.9000	71.8672
449.8000	71.8514
449.7000	71.8378
449.6000	71.8243
449.5000	71.8158
449.4000	71.8036
449.3000	71.7957
449.2000	71.7882
449.1000	71.7751
449.0000	71.7635
448.9000	71.7561
448.8000	71.7418
448.7000	71.7321
448.6000	71.7222
448.5000	71.715
448.4000	71.6983
448.3000	71.688
448.2000	71.6764
448.1000	71.6682
448.0000	71.6579
447.9000	71.647
447.8000	71.6384
447.7000	71.6286
447.6000	71.6158
447.5000	71.6061
447.4000	71.5893
447.3000	71.5775
447.2000	71.5622
447.1000	71.5528
447.0000	71.5387
446.9000	71.5242
446.8000	71.5064
446.7000	71.4897
446.6000	71.4724
446.5000	71.4552
446.4000	71.4358
446.3000	71.4139
446.2000	71.3884
446.1000	71.3635
446.0000	71.3336
445.9000	71.3146
445.8000	71.288
445.7000	71.2631
445.6000	71.24
445.5000	71.218
445.4000	71.1872
445.3000	71.1629
445.2000	71.1422
445.1000	71.1184
445.0000	71.0926
444.9000	71.0713
444.8000	71.0452
444.7000	71.0262
444.6000	71.0018
444.5000	70.982
444.4000	70.9576
444.3000	70.9392
444.2000	70.9189
444.1000	70.8992
444.0000	70.8778
443.9000	70.8597
443.8000	70.8382
443.7000	70.8268
443.6000	70.8089
443.5000	70.7948
443.4000	70.7789
443.3000	70.7663
443.2000	70.7486
443.1000	70.7388
443.0000	70.7211
442.9000	70.7133
442.8000	70.7021
442.7000	70.6915
442.6000	70.6789
442.5000	70.6701
442.4000	70.6573
442.3000	70.6494
442.2000	70.6373
442.1000	70.6276
442.0000	70.61
441.9000	70.5985
441.8000	70.5805
441.7000	70.5645
441.6000	70.5444
441.5000	70.5255
441.4000	70.5023
441.3000	70.4789
441.2000	70.4529
441.1000	70.4277
441.0000	70.4032
440.9000	70.3797
440.8000	70.3445
440.7000	70.3194
440.6000	70.2888
440.5000	70.2605
440.4000	70.2215
440.3000	70.1907
440.2000	70.1517
440.1000	70.1201
440.0000	70.0826
439.9000	70.0506
439.8000	70.0191
439.7000	69.9903
439.6000	69.9544
439.5000	69.9232
439.4000	69.8903
439.3000	69.8626
439.2000	69.8278
439.1000	69.7986
439.0000	69.7666
438.9000	69.7397
438.8000	69.7121
438.7000	69.6931
438.6000	69.668
438.5000	69.6505
438.4000	69.6259
438.3000	69.6112
438.2000	69.5901
438.1000	69.5785
438.0000	69.5619
437.9000	69.5508
437.8000	69.5341
437.7000	69.5274
437.6000	69.5195
437.5000	69.5084
437.4000	69.4942
437.3000	69.4856
437.2000	69.4771
437.1000	69.4683
437.0000	69.4563
436.9000	69.4506
436.8000	69.4348
436.7000	69.4234
436.6000	69.4025
436.5000	69.3897
436.4000	69.3707
436.3000	69.3566
436.2000	69.3334
436.1000	69.3106
436.0000	69.2829
435.9000	69.2597
435.8000	69.2313
435.7000	69.204
435.6000	69.1685
435.5000	69.1346
435.4000	69.0964
435.3000	69.061
435.2000	69.0242
435.1000	68.9874
435.0000	68.9447
434.9000	68.9099
434.8000	68.8653
434.7000	68.8277
434.6000	68.7828
434.5000	68.7441
434.4000	68.6984
434.3000	68.6625
434.2000	68.621
434.1000	68.5813
434.0000	68.5444
433.9000	68.513
433.8000	68.4742
433.7000	68.4418
433.6000	68.412
433.5000	68.3868
433.4000	68.3605
433.3000	68.3373
433.2000	68.3127
433.1000	68.2904
433.0000	68.2674
432.9000	68.2545
432.8000	68.238
432.7000	68.2258
432.6000	68.2111
432.5000	68.2035
432.4000	68.1915
432.3000	68.1847
432.2000	68.176
432.1000	68.1701
432.0000	68.1615
431.9000	68.1553
431.8000	68.1465
431.7000	68.1376
431.6000	68.1258
431.5000	68.1173
431.4000	68.1067
431.3000	68.0883
431.2000	68.0769
431.1000	68.0594
431.0000	68.0418
430.9000	68.0196
430.8000	67.9951
430.7000	67.9678
430.6000	67.9458
430.5000	67.9156
430.4000	67.8859
430.3000	67.8465
430.2000	67.8126
430.1000	67.7714
430.0000	67.7351
429.9000	67.6909
429.8000	67.6533
429.7000	67.6066
429.6000	67.5696
429.5000	67.5209
429.4000	67.4805
429.3000	67.4297
429.2000	67.3942
429.1000	67.345
429.0000	67.3101
428.9000	67.2634
428.8000	67.2313
428.7000	67.1907
428.6000	67.1639
428.5000	67.1257
428.4000	67.1087
428.3000	67.0713
428.2000	67.0565
428.1000	67.0321
428.0000	67.0227
427.9000	67.0035
427.8000	67.0009
427.7000	66.9864
427.6000	66.99
427.5000	66.9799
427.4000	66.985
427.3000	66.9777
427.2000	66.9883
427.1000	66.9874
427.0000	67.0027
426.9000	67.0021
426.8000	67.0186
426.7000	67.0186
426.6000	67.0369
426.5000	67.0374
426.4000	67.0519
426.3000	67.0534
426.2000	67.0681
426.1000	67.0655
426.0000	67.0767
425.9000	67.0707
425.8000	67.079
425.7000	67.0664
425.6000	67.0679
425.5000	67.0536
425.4000	67.0504
425.3000	67.0318
425.2000	67.0272
425.1000	67.0083
425.0000	66.9972
424.9000	66.9694
424.8000	66.9537
424.7000	66.9231
424.6000	66.9051
424.5000	66.877
424.4000	66.8605
424.3000	66.8293
424.2000	66.8134
424.1000	66.7859
424.0000	66.7702
423.9000	66.7443
423.8000	66.7309
423.7000	66.7089
423.6000	66.6984
423.5000	66.6823
423.4000	66.6745
423.3000	66.6631
423.2000	66.6631
423.1000	66.6538
423.0000	66.6558
422.9000	66.6578
422.8000	66.6635
422.7000	66.6714
422.6000	66.6845
422.5000	66.6945
422.4000	66.7121
422.3000	66.7259
422.2000	66.7448
422.1000	66.7623
422.0000	66.7768
421.9000	66.7928
421.8000	66.8085
421.7000	66.8268
421.6000	66.8435
421.5000	66.8589
421.4000	66.8732
421.3000	66.8838
421.2000	66.8914
421.1000	66.8993
421.0000	66.9005
420.9000	66.898
420.8000	66.8935
420.7000	66.8888
420.6000	66.8764
420.5000	66.865
420.4000	66.8484
420.3000	66.8319
420.2000	66.8085
420.1000	66.7871
420.0000	66.0806
419.9000	66.042
419.8000	66
419.7000	65.96
419.6000	65.9148
419.5000	65.8707
419.4000	65.8233
419.3000	65.7781
419.2000	65.7326
419.1000	65.6924
419.0000	65.6498
418.9000	65.6138
418.8000	65.5785
418.7000	65.5435
418.6000	65.512
418.5000	65.4818
418.4000	65.4595
418.3000	65.4378
418.2000	65.4178
418.1000	65.4037
418.0000	65.3899
417.9000	65.3791
417.8000	65.3755
417.7000	65.3715
417.6000	65.3784
417.5000	65.3807
417.4000	65.3899
417.3000	65.3923
417.2000	65.4055
417.1000	65.4127
417.0000	65.4283
416.9000	65.4334
416.8000	65.446
416.7000	65.4548
416.6000	65.4666
416.5000	65.4729
416.4000	65.485
416.3000	65.4863
416.2000	65.495
416.1000	65.4889
416.0000	65.4884
415.9000	65.4815
415.8000	65.481
415.7000	65.4638
415.6000	65.4564
415.5000	65.4345
415.4000	65.4194
415.3000	65.396
415.2000	65.3779
415.1000	65.3485
415.0000	65.3301
414.9000	65.2978
414.8000	65.2787
414.7000	65.2472
414.6000	65.2257
414.5000	65.1953
414.4000	65.1801
414.3000	65.1554
414.2000	65.1378
414.1000	65.1167
414.0000	65.109
413.9000	65.0941
413.8000	65.092
413.7000	65.0854
413.6000	65.0888
413.5000	65.0837
413.4000	65.0949
413.3000	65.0983
413.2000	65.1168
413.1000	65.1305
413.0000	65.1569
412.9000	65.1753
412.8000	65.2064
412.7000	65.2234
412.6000	65.2483
412.5000	65.2734
412.4000	65.2987
412.3000	65.3215
412.2000	65.3531
412.1000	65.3762
412.0000	65.4019
411.9000	65.4236
411.8000	65.4462
411.7000	65.4635
411.6000	65.4833
411.5000	65.4959
411.4000	65.5043
411.3000	65.5086
411.2000	65.5064
411.1000	65.504
411.0000	65.5046
410.9000	65.4972
410.8000	65.4901
410.7000	65.4791
410.6000	65.4615
410.5000	65.4477
410.4000	65.4348
410.3000	65.4181
410.2000	65.3994
410.1000	65.3837
410.0000	65.3623
409.9000	65.3443
409.8000	65.3194
409.7000	65.3072
409.6000	65.2934
409.5000	65.2877
409.4000	65.2813
409.3000	65.2802
409.2000	65.2779
409.1000	65.2866
409.0000	65.2886
408.9000	65.2989
408.8000	65.3037
408.7000	65.3189
408.6000	65.3307
408.5000	65.3524
408.4000	65.3648
408.3000	65.3907
408.2000	65.4096
408.1000	65.4378
408.0000	65.4549
407.9000	65.4841
407.8000	65.4987
407.7000	65.5259
407.6000	65.5357
407.5000	65.5585
407.4000	65.5689
407.3000	65.5888
407.2000	65.5889
407.1000	65.6022
407.0000	65.5947
406.9000	65.6003
406.8000	65.5883
406.7000	65.5883
406.6000	65.5729
406.5000	65.5722
406.4000	65.5439
406.3000	65.5293
406.2000	65.4987
406.1000	65.4827
406.0000	65.4477
405.9000	65.4284
405.8000	65.3927
405.7000	65.3729
405.6000	65.3429
405.5000	65.3252
405.4000	65.2888
405.3000	65.276
405.2000	65.2507
405.1000	65.2389
405.0000	65.2178
404.9000	65.2141
404.8000	65.1999
404.7000	65.2002
404.6000	65.1905
404.5000	65.2029
404.4000	65.2038
404.3000	65.2143
404.2000	65.2205
404.1000	65.2359
404.0000	65.244
403.9000	65.2701
403.8000	65.2853
403.7000	65.3116
403.6000	65.3302
403.5000	65.356
403.4000	65.3739
403.3000	65.3955
403.2000	65.4132
403.1000	65.4365
403.0000	65.4532
402.9000	65.4711
402.8000	65.4893
402.7000	65.5011
402.6000	65.5115
402.5000	65.525
402.4000	65.53
402.3000	65.5375
402.2000	65.5459
402.1000	65.5506
402.0000	65.5555
401.9000	65.5576
401.8000	65.565
401.7000	65.5639
401.6000	65.5722
401.5000	65.5749
401.4000	65.5804
401.3000	65.5812
401.2000	65.5903
401.1000	65.6008
401.0000	65.6151
400.9000	65.6245
400.8000	65.6471
400.7000	65.6557
400.6000	65.6793
400.5000	65.6931
400.4000	65.7185
400.3000	65.741
400.2000	65.7713
400.1000	65.7938
400.0000	65.8295
399.9000	65.8554
399.8000	65.8885
399.7000	65.9177
399.6000	65.957
399.5000	65.9851
399.4000	66.0255
399.3000	66.0495
399.2000	66.0879
399.1000	66.1111
399.0000	66.1489
398.9000	66.1654
398.8000	66.195
398.7000	66.2177
398.6000	66.2426
398.5000	66.2564
398.4000	66.2785
398.3000	66.2881
398.2000	66.3121
398.1000	66.3218
398.0000	66.3399
397.9000	66.3432
397.8000	66.3578
397.7000	66.3648
397.6000	66.3761
397.5000	66.3834
397.4000	66.4008
397.3000	66.4088
397.2000	66.4283
397.1000	66.4343
397.0000	66.4529
396.9000	66.4627
396.8000	66.4851
396.7000	66.4975
396.6000	66.5265
396.5000	66.5371
396.4000	66.5601
396.3000	66.5825
396.2000	66.6077
396.1000	66.6289
396.0000	66.658
395.9000	66.6816
395.8000	66.7116
395.7000	66.7372
395.6000	66.7674
395.5000	66.7853
395.4000	66.8101
395.3000	66.8284
395.2000	66.8519
395.1000	66.8678
395.0000	66.8871
394.9000	66.893
394.8000	66.9099
394.7000	66.921
394.6000	66.9342
394.5000	66.9401
394.4000	66.9524
394.3000	66.9536
394.2000	66.9567
394.1000	66.957
394.0000	66.9582
393.9000	66.9603
393.8000	66.9604
393.7000	66.9545
393.6000	66.9517
393.5000	66.9534
393.4000	66.9512
393.3000	66.9543
393.2000	66.9555
393.1000	66.9519
393.0000	66.9546
392.9000	66.9559
392.8000	66.9599
392.7000	66.9641
392.6000	66.9654
392.5000	66.9709
392.4000	66.9723
392.3000	66.9758
392.2000	66.9848
392.1000	66.9963
392.0000	67.0081
391.9000	67.0171
391.8000	67.0258
391.7000	67.0401
391.6000	67.0496
391.5000	67.0573
391.4000	67.0687
391.3000	67.0775
391.2000	67.0847
391.1000	67.0918
391.0000	67.1017
390.9000	67.1075
390.8000	67.1132
390.7000	67.1166
390.6000	67.1245
390.5000	67.1299
390.4000	67.1384
390.3000	67.1411
390.2000	67.146
390.1000	67.1473
390.0000	67.1503
389.9000	67.1503
389.8000	67.1553
389.7000	67.1548
389.6000	67.1531
389.5000	67.152
389.4000	67.1585
389.3000	67.1551
389.2000	67.1597
389.1000	67.1629
389.0000	67.1676
388.9000	67.1696
388.8000	67.1737
388.7000	67.1793
388.6000	67.1867
388.5000	67.1901
388.4000	67.1967
388.3000	67.2007
388.2000	67.2047
388.1000	67.2082
388.0000	67.2139
387.9000	67.2163
387.8000	67.2232
387.7000	67.2277
387.6000	67.2309
387.5000	67.2319
387.4000	67.2339
387.3000	67.238
387.2000	67.2412
387.1000	67.2389
387.0000	67.2409
386.9000	67.2377
386.8000	67.2348
386.7000	67.2359
386.6000	67.234
386.5000	67.231
386.4000	67.2337
386.3000	67.2284
386.2000	67.2233
386.1000	67.2233
386.0000	67.2232
385.9000	67.2173
385.8000	67.2161
385.7000	67.2086
385.6000	67.205
385.5000	67.201
385.4000	67.1992
385.3000	67.1982
385.2000	67.1947
385.1000	67.1876
385.0000	67.1856
384.9000	67.1805
384.8000	67.1771
384.7000	67.1718
384.6000	67.1671
384.5000	67.1578
384.4000	67.1567
384.3000	67.1494
384.2000	67.1455
384.1000	67.1344
384.0000	67.1227
383.9000	67.1148
383.8000	67.1064
383.7000	67.0995
383.6000	67.0942
383.5000	67.0799
383.4000	67.0653
383.3000	67.0524
383.2000	67.0423
383.1000	67.0272
383.0000	67.0135
382.9000	66.9988
382.8000	66.9891
382.7000	66.9782
382.6000	66.9629
382.5000	66.9475
382.4000	66.9341
382.3000	66.916
382.2000	66.8954
382.1000	66.8716
382.0000	66.8524
381.9000	66.8357
381.8000	66.8162
381.7000	66.8001
381.6000	66.7836
381.5000	66.7644
381.4000	66.7439
381.3000	66.7255
381.2000	66.7037
381.1000	66.6855
381.0000	66.6671
380.9000	66.646
380.8000	66.6317
380.7000	66.6073
380.6000	66.5875
380.5000	66.5615
380.4000	66.5331
380.3000	66.5075
380.2000	66.4883
380.1000	66.4633
380.0000	66.4392
379.9000	66.4155
379.8000	66.3933
379.7000	66.3655
379.6000	66.3359
379.5000	66.3034
379.4000	66.2703
379.3000	66.2439
379.2000	66.2132
379.1000	66.1765
379.0000	66.1494
378.9000	66.116
378.8000	66.0797
378.7000	66.0429
378.6000	66.0104
378.5000	65.9713
378.4000	65.9302
378.3000	65.8934
378.2000	65.8579
378.1000	65.8165
378.0000	65.7757
377.9000	65.7306
377.8000	65.6896
377.7000	65.6486
377.6000	65.6058
377.5000	65.5616
377.4000	65.5167
377.3000	65.4734
377.2000	65.4325
377.1000	65.3856
377.0000	65.3372
376.9000	65.2869
376.8000	65.2307
376.7000	65.1746
376.6000	65.1209
376.5000	65.0627
376.4000	65.0049
376.3000	64.946
376.2000	64.8933
376.1000	64.8281
376.0000	64.765
375.9000	64.703
375.8000	64.6362
375.7000	64.5678
375.6000	64.5093
375.5000	64.4406
375.4000	64.3693
375.3000	64.2959
375.2000	64.229
375.1000	64.1518
375.0000	64.0746
374.9000	63.995
374.8000	63.9166
374.7000	63.8353
374.6000	63.7484
374.5000	63.656
374.4000	63.5609
374.3000	63.4636
374.2000	63.3648
374.1000	63.2606
374.0000	63.156
373.9000	63.0412
373.8000	62.9288
373.7000	62.8099
373.6000	62.6916
373.5000	62.5673
373.4000	62.4395
373.3000	62.3076
373.2000	62.1725
373.1000	62.0319
373.0000	61.885
372.9000	61.7305
372.8000	61.574
372.7000	61.4076
372.6000	61.2396
372.5000	61.0631
372.4000	60.8766
372.3000	60.6841
372.2000	60.4871
372.1000	60.2799
372.0000	60.0667
371.9000	59.8438
371.8000	59.6134
371.7000	59.3762
371.6000	59.1364
371.5000	58.8811
371.4000	58.621
371.3000	58.3485
371.2000	58.0677
371.1000	57.7716
371.0000	57.4694
370.9000	57.1466
370.8000	56.8237
370.7000	56.4923
370.6000	56.146
370.5000	55.7874
370.4000	55.4228
370.3000	55.0388
370.2000	54.6481
370.1000	54.2372
370.0000	50.8715
369.9000	50.4246
369.8000	49.9653
369.7000	49.4901
369.6000	49.0049
369.5000	48.5041
369.4000	47.9862
369.3000	47.4592
369.2000	46.9128
369.1000	46.3616
369.0000	45.7967
368.9000	45.2205
368.8000	44.6264
368.7000	44.0179
368.6000	43.3944
368.5000	42.7623
368.4000	42.1134
368.3000	41.4594
368.2000	40.7956
368.1000	40.121
368.0000	39.4334
367.9000	38.7437
367.8000	38.0383
367.7000	37.327
367.6000	36.6055
367.5000	35.8829
367.4000	35.1493
367.3000	34.4109
367.2000	33.6645
367.1000	32.9149
367.0000	32.1605
366.9000	31.4088
366.8000	30.6508
366.7000	29.894
366.6000	29.1343
366.5000	28.3779
366.4000	27.618
366.3000	26.8628
366.2000	26.1098
366.1000	25.3613
366.0000	24.6195
365.9000	23.8821
365.8000	23.147
365.7000	22.4167
365.6000	21.6941
365.5000	20.9814
365.4000	20.2761
365.3000	19.5803
365.2000	18.8945
365.1000	18.2181
365.0000	17.5493
364.9000	16.8927
364.8000	16.2438
364.7000	15.6067
364.6000	14.9844
364.5000	14.3756
364.4000	13.7765
364.3000	13.1894
364.2000	12.6132
364.1000	12.0515
364.0000	11.5037
363.9000	10.9726
363.8000	10.4542
363.7000	9.94991
363.6000	9.45887
363.5000	8.98357
363.4000	8.52245
363.3000	8.07495
363.2000	7.64387
363.1000	7.22664
363.0000	6.82187
362.9000	6.43351
362.8000	6.05663
362.7000	5.69402
362.6000	5.34607
362.5000	5.01354
362.4000	4.69433
362.3000	4.38882
362.2000	4.09761
362.1000	3.82013
362.0000	3.55471
361.9000	3.3029
361.8000	3.06278
361.7000	2.8353
361.6000	2.6208
361.5000	2.4186
361.4000	2.22656
361.3000	2.04632
361.2000	1.87811
361.1000	1.71939
361.0000	1.5697
360.9000	1.43064
360.8000	1.30094
360.7000	1.18074
360.6000	1.06998
360.5000	0.967447
360.4000	0.872007
360.3000	0.783882
360.2000	0.702693
360.1000	0.628538
360.0000	0.560921
359.9000	0.499261
359.8000	0.44295
359.7000	0.391717
359.6000	0.34589
359.5000	0.30461
359.4000	0.267461
359.3000	0.234291
359.2000	0.204772
359.1000	0.178645
359.0000	0.155576
358.9000	0.134958
358.8000	0.11693
358.7000	0.100727
358.6000	0.0867762
358.5000	0.0748439
358.4000	0.0645688
358.3000	0.055596
358.2000	0.0476385
358.1000	0.0407665
358.0000	0.034905
357.9000	0.0300866
357.8000	0.0260898
357.7000	0.0227329
357.6000	0.0199346
357.5000	0.0175096
357.4000	0.0154938
357.3000	0.0138525
357.2000	0.0124342
357.1000	0.0112413
357.0000	0.0103071
356.9000	0.00952208
356.8000	0.00884933
356.7000	0.00828828
356.6000	0.00784086
356.5000	0.00750217
356.4000	0.00727546
356.3000	0.00701207
356.2000	0.00674934
356.1000	0.00655972
356.0000	0.00644547
355.9000	0.00629525
355.8000	0.00603502
355.7000	0.00591973
355.6000	0.00577018
355.5000	0.00558419
355.4000	0.00543441
355.3000	0.00532071
355.2000	0.00520817
355.1000	0.00513297
355.0000	0.00505587
354.9000	0.00494235
354.8000	0.0049018
354.7000	0.00482576
354.6000	0.00471436
354.5000	0.00467386
354.4000	0.00459787
354.3000	0.0045587
354.2000	0.00444683
354.1000	0.00437364
354.0000	0.00430049
353.9000	0.00426302
353.8000	0.00418992
353.7000	0.00411717
353.6000	0.00404446
353.5000	0.00393562
353.4000	0.0039337
353.3000	0.00386085
353.2000	0.00382392
353.1000	0.0037871
353.0000	0.00375025
352.9000	0.00367777
352.8000	0.0035348
352.7000	0.00346255
352.6000	0.00346154
352.5000	0.00331856
352.4000	0.00328169
352.3000	0.00335148
352.2000	0.00331518
352.1000	0.00331383
352.0000	0.00327779
351.9000	0.00324104
351.8000	0.00316925
351.7000	0.00313326
351.6000	0.00309731
351.5000	0.00302538
351.4000	0.00305965
351.3000	0.00302304
351.2000	0.00302202
351.1000	0.00298582
351.0000	0.00294988
350.9000	0.00291363
350.8000	0.00287789
350.7000	0.00284162
350.6000	0.00280587
350.5000	0.00276945
350.4000	0.00276867
350.3000	0.00283878
350.2000	0.00280292
350.1000	0.00276684
350.0000	0.00276624
349.9000	0.00273018
349.8000	0.00272945
349.7000	0.00272869
349.6000	0.00276337
349.5000	0.00276253
349.4000	0.00276196
349.3000	0.00290169
349.2000	0.00297124
349.1000	0.00286499
349.0000	0.0028639
348.9000	0.00279293
348.8000	0.00282742
348.7000	0.00282685
348.6000	0.00282649
348.5000	0.00282582
348.4000	0.00279004
348.3000	0.0027895
348.2000	0.00268408
348.1000	0.00264854
348.0000	0.00261298
347.9000	0.00257735
347.8000	0.0026116
347.7000	0.00257611
347.6000	0.0025404
347.5000	0.00250497
347.4000	0.00250455
347.3000	0.00253941
347.2000	0.00257415
347.1000	0.00253875
347.0000	0.00250335
346.9000	0.0024678
346.8000	0.00239751
346.7000	0.00239694
346.6000	0.00229185
346.5000	0.00229164
346.4000	0.00225617
346.3000	0.00225591
346.2000	0.00225535
346.1000	0.00218511
346.0000	0.00214998
345.9000	0.00221957
345.8000	0.00221971
345.7000	0.00221966
345.6000	0.00218441
345.5000	0.00214932
345.4000	0.00218393
345.3000	0.00214854
345.2000	0.00211343
345.1000	0.00211341
345.0000	0.00218252
344.9000	0.00221713
344.8000	0.00221725
344.7000	0.00218242
344.6000	0.00214763
344.5000	0.00214715
344.4000	0.00214715
344.3000	0.0021815
344.2000	0.00221583
344.1000	0.00218066
344.0000	0.00214559
343.9000	0.00211032
343.8000	0.00211021
343.7000	0.00211043
343.6000	0.0021802
343.5000	0.00218021
343.4000	0.00221493
343.3000	0.00221449
343.2000	0.00224897
343.1000	0.00221384
343.0000	0.0021789
342.9000	0.0021788
342.8000	0.00214398
342.7000	0.00210891
342.6000	0.00210891
342.5000	0.00210849
342.4000	0.00210814
342.3000	0.00207318
342.2000	0.00210764
342.1000	0.00207235
342.0000	0.00214151
341.9000	0.00210635
341.8000	0.00200252
341.7000	0.00193309
341.6000	0.00189828
341.5000	0.0019674
341.4000	0.00200197
341.3000	0.00203674
341.2000	0.00203643
341.1000	0.00203631
341.0000	0.00196664
340.9000	0.00196636
340.8000	0.0020008
340.7000	0.00207006
340.6000	0.00210485
340.5000	0.00213919
340.4000	0.0021384
340.3000	0.00210316
340.2000	0.00210271
340.1000	0.00210219
340.0000	0.0100636
339.9000	0.0100642
339.8000	0.0100636
339.7000	0.0100634
339.6000	0.0100636
339.5000	0.0101012
339.4000	0.0101401
339.3000	0.0100247
339.2000	0.00995045
339.1000	0.00987395
339.0000	0.00979761
338.9000	0.00968276
338.8000	0.00960672
338.7000	0.00960675
338.6000	0.0095294
338.5000	0.00952771
338.4000	0.00948866
338.3000	0.00944809
338.2000	0.00937125
338.1000	0.00937148
338.0000	0.00937081
337.9000	0.00933441
337.8000	0.00937315
337.7000	0.00937232
337.6000	0.00944724
337.5000	0.00952386
337.4000	0.00956364
337.3000	0.00952529
337.2000	0.00948666
337.1000	0.0094472
337.0000	0.0094469
336.9000	0.00940867
336.8000	0.00940809
336.7000	0.00944605
336.6000	0.00944559
336.5000	0.00936797
336.4000	0.00936813
336.3000	0.00932937
336.2000	0.00932835
336.1000	0.00936757
336.0000	0.00936634
335.9000	0.00932862
335.8000	0.00932977
335.7000	0.00932987
335.6000	0.00928971
335.5000	0.00928903
335.4000	0.00921123
335.3000	0.00913519
335.2000	0.0091364
335.1000	0.00909801
335.0000	0.0090999
334.9000	0.00906136
334.8000	0.00902299
334.7000	0.00905995
334.6000	0.00898292
334.5000	0.00894513
334.4000	0.00886928
334.3000	0.00875395
334.2000	0.00875414
334.1000	0.00875403
334.0000	0.00875444
333.9000	0.00871578
333.8000	0.00867867
333.7000	0.00871648
333.6000	0.00867832
333.5000	0.00852523
333.4000	0.00844766
333.3000	0.00841044
333.2000	0.00829556
333.1000	0.00818122
333.0000	0.00818087
332.9000	0.00817874
332.8000	0.00817785
332.7000	0.00821702
332.6000	0.00817733
332.5000	0.00817662
332.4000	0.00817824
332.3000	0.00817853
332.2000	0.00821677
332.1000	0.00825485
332.0000	0.00813965
331.9000	0.00806231
331.8000	0.00806301
331.7000	0.00798717
331.6000	0.0079487
331.5000	0.00794949
331.4000	0.00783592
331.3000	0.00783485
331.2000	0.00779506
331.1000	0.00779463
331.0000	0.00779464
330.9000	0.00775646
330.8000	0.00771962
330.7000	0.00772047
330.6000	0.00771925
330.5000	0.00764161
330.4000	0.00756548
330.3000	0.00768092
330.2000	0.00764404
330.1000	0.00756672
330.0000	0.00756702
329.9000	0.00764373
329.8000	0.00749094
329.7000	0.00749354
329.6000	0.00749344
329.5000	0.00741538
329.4000	0.00741681
329.3000	0.00737791
329.2000	0.00733865
329.1000	0.00733739
329.0000	0.00737612
328.9000	0.00737687
328.8000	0.00741479
328.7000	0.00741654
328.6000	0.00737724
328.5000	0.00745392
328.4000	0.00745381
328.3000	0.00741534
328.2000	0.00752982
328.1000	0.00733842
328.0000	0.00730077
327.9000	0.00726303
327.8000	0.00718568
327.7000	0.00710757
327.6000	0.0070667
327.5000	0.00702775
327.4000	0.00695011
327.3000	0.00691123
327.2000	0.00698744
327.1000	0.00690993
327.0000	0.00694902
326.9000	0.00702672
326.8000	0.00702548
326.7000	0.00694916
326.6000	0.00706502
326.5000	0.00706319
326.4000	0.00698697
326.3000	0.0070246
326.2000	0.00706215
326.1000	0.00706215
326.0000	0.0069858
325.9000	0.00694749
325.8000	0.00686959
325.7000	0.00682942
325.6000	0.00683014
325.5000	0.0068297
325.4000	0.00686768
325.3000	0.00686745
325.2000	0.00690626
325.1000	0.00686687
325.0000	0.00682757
324.9000	0.00698023
324.8000	0.00709551
324.7000	0.00713247
324.6000	0.00709552
324.5000	0.00717347
324.4000	0.00713578
324.3000	0.00709639
324.2000	0.00713502
324.1000	0.0071364
324.0000	0.00701887
323.9000	0.00698022
323.8000	0.00701695
323.7000	0.00701522
323.6000	0.00701437
323.5000	0.00705136
323.4000	0.00697186
323.3000	0.00685618
323.2000	0.0068923
323.1000	0.00685307
323.0000	0.00681341
322.9000	0.00669903
322.8000	0.0066585
322.7000	0.00658129
322.6000	0.0066198
322.5000	0.00661936
322.4000	0.00654209
322.3000	0.00646379
322.2000	0.00642323
322.1000	0.00630703
322.0000	0.00619002
321.9000	0.00622809
321.8000	0.00618797
321.7000	0.00610875
321.6000	0.00603135
321.5000	0.00595373
321.4000	0.00587771
321.3000	0.00583915
321.2000	0.00587561
321.1000	0.0059123
321.0000	0.00591095
320.9000	0.00583458
320.8000	0.00590881
320.7000	0.00594523
320.6000	0.00586954
320.5000	0.00583108
320.4000	0.00575487
320.3000	0.00571635
320.2000	0.00571495
320.1000	0.00571365
320.0000	0.0056379
319.9000	0.00556138
319.8000	0.00548467
319.7000	0.00555784
319.6000	0.00563165
319.5000	0.0056305
319.4000	0.00559151
319.3000	0.00547899
319.2000	0.00547794
319.1000	0.00555139
319.0000	0.00547577
318.9000	0.0055115
318.8000	0.00551044
318.7000	0.00543455
318.6000	0.00535846
318.5000	0.00539503
318.4000	0.00535607
318.3000	0.00535525
318.2000	0.00539069
318.1000	0.00535261
318.0000	0.00535167
317.9000	0.00527647
317.8000	0.00523798
317.7000	0.00531141
317.6000	0.00519881
317.5000	0.00516008
317.4000	0.00515814
317.3000	0.00515712
317.2000	0.00511943
317.1000	0.00508159
317.0000	0.00504349
316.9000	0.00504271
316.8000	0.00500418
316.7000	0.00504075
316.6000	0.00507717
316.5000	0.00511331
316.4000	0.00507502
316.3000	0.00511143
316.2000	0.00507365
316.1000	0.00510921
316.0000	0.00510845
315.9000	0.00503354
315.8000	0.00503246
315.7000	0.00499504
315.6000	0.00503161
315.5000	0.00503106
315.4000	0.00506738
315.3000	0.0049925
315.2000	0.00495481
315.1000	0.00495402
315.0000	0.00495416
314.9000	0.0049165
314.8000	0.0048047
314.7000	0.0048412
314.6000	0.00476645
314.5000	0.00472882
314.4000	0.00476538
314.3000	0.00472854
314.2000	0.00469184
314.1000	0.00469133
314.0000	0.0046908
313.9000	0.00472725
313.8000	0.00472668
313.7000	0.00472594
313.6000	0.00476298
313.5000	0.00476348
313.4000	0.00472684
313.3000	0.0046901
313.2000	0.00472747
313.1000	0.0046903
313.0000	0.00461602
312.9000	0.00461613
312.8000	0.00457821
312.7000	0.0046524
312.6000	0.00461531
312.5000	0.00461523
312.4000	0.00457845
312.3000	0.00461575
312.2000	0.00457943
312.1000	0.00457948
312.0000	0.00461651
311.9000	0.00454212
311.8000	0.00454177
311.7000	0.00454197
311.6000	0.0045419
311.5000	0.00450517
311.4000	0.00454258
311.3000	0.00454288
311.2000	0.00454303
311.1000	0.00458018
311.0000	0.00457995
310.9000	0.00458042
310.8000	0.00458086
310.7000	0.00450697
310.6000	0.00450737
310.5000	0.00447111
310.4000	0.00447143
310.3000	0.00443377
310.2000	0.00443391
310.1000	0.00443461
310.0000	0.00436067
309.9000	0.00424924
309.8000	0.0042865
309.7000	0.0042869
309.6000	0.00432475
309.5000	0.00428778
309.4000	0.00432492
309.3000	0.00428762
309.2000	0.00428774
309.1000	0.00425088
309.0000	0.00428806
308.9000	0.00436279
308.8000	0.00428889
308.7000	0.00436378
308.6000	0.0043278
308.5000	0.00432879
308.4000	0.00432927
308.3000	0.00425431
308.2000	0.00421747
308.1000	0.00418021
308.0000	0.00414318
307.9000	0.00406883
307.8000	0.00403179
307.7000	0.00395706
307.6000	0.00399419
307.5000	0.00399457
307.4000	0.00395791
307.3000	0.00399518
307.2000	0.00399569
307.1000	0.00399652
307.0000	0.00399661
306.9000	0.00388472
306.8000	0.00392213
306.7000	0.00399707
306.6000	0.00403455
306.5000	0.00399733
306.4000	0.00396011
306.3000	0.00392315
306.2000	0.0038861
306.1000	0.00392417
306.0000	0.00385023
305.9000	0.00385045
305.8000	0.00385026
305.7000	0.00381293
305.6000	0.00385073
305.5000	0.00385104
305.4000	0.00385063
305.3000	0.00377506
305.2000	0.00377492
305.1000	0.00381251
305.0000	0.00381252
304.9000	0.00385035
304.8000	0.00388823
304.7000	0.00385172
304.6000	0.00385208
304.5000	0.00381536
304.4000	0.0038157
304.3000	0.00381549
304.2000	0.0037781
304.1000	0.00377821
304.0000	0.00374101
303.9000	0.00374075
303.8000	0.00370357
303.7000	0.00374087
303.6000	0.00370366
303.5000	0.00370373
303.4000	0.00366644
303.3000	0.00366675
303.2000	0.00366703
303.1000	0.00366709
303.0000	0.00363071
302.9000	0.0035559
302.8000	0.00363034
302.7000	0.00359316
302.6000	0.003556
302.5000	0.00355578
302.4000	0.00351794
302.3000	0.00348029
302.2000	0.00344296
302.1000	0.00355517
302.0000	0.00359277
301.9000	0.00363045
301.8000	0.00363041
301.7000	0.00363037
301.6000	0.00359291
301.5000	0.00362994
301.4000	0.00366727
301.3000	0.00362996
301.2000	0.00362993
301.1000	0.00359227
301.0000	0.00366603
300.9000	0.00359143
300.8000	0.00359147
300.7000	0.00355445
300.6000	0.0034801
300.5000	0.00344285
300.4000	0.00344288
300.3000	0.00348003
300.2000	0.00348031
300.1000	0.00344292
300.0000	0.00344278
